{
 "cells": [
  {
   "cell_type": "code",
   "execution_count": 1,
   "metadata": {},
   "outputs": [],
   "source": [
    "import numpy as np\n",
    "import matplotlib.pyplot as plt\n",
    "import pandas as pd\n",
    "from sklearn.tree import DecisionTreeRegressor\n",
    "from sklearn.ensemble import BaggingRegressor\n",
    "from sklearn.metrics import r2_score, mean_squared_error\n",
    "from sklearn.linear_model import LinearRegression\n",
    "from sklearn.model_selection import cross_val_score\n",
    "from sklearn.preprocessing import MinMaxScaler\n",
    "from sklearn.gaussian_process import GaussianProcessRegressor\n",
    "from sklearn.neural_network import MLPRegressor\n",
    "from sklearn.decomposition import PCA\n",
    "from GA_functions import fitness, select_parents, crossover, mutation, GA_algorithm, conc_to_spectra, normalize_and_pca"
   ]
  },
  {
   "cell_type": "markdown",
   "metadata": {},
   "source": [
    "## Many iterations"
   ]
  },
  {
   "cell_type": "code",
   "execution_count": 2,
   "metadata": {},
   "outputs": [],
   "source": [
    "#This block of code creates random concentrations and spectra to start the algorithm. \n",
    "Sample_concentrations = pd.read_excel('../../../data/Sample_concentrations.xlsx')\n",
    "red_conc = Sample_concentrations[['Red vol frac']].values\n",
    "green_conc = Sample_concentrations[['Green vol frac']].values\n",
    "blue_conc = Sample_concentrations[['Blue vol frac']].values\n",
    "sample_conc = np.hstack((red_conc, green_conc, blue_conc))\n",
    "\n",
    "sample_spectra = pd.read_excel('../../../data/Sample_spectra.xlsx')\n",
    "sample_spectra = np.asarray(sample_spectra)\n",
    "red = sample_spectra[:,1]\n",
    "green = sample_spectra[:,2]\n",
    "blue = sample_spectra[:,3]\n",
    "wavelength = sample_spectra[:,0]\n",
    "\n",
    "conc_array = np.random.dirichlet((1, 1, 1), 10)\n",
    "spectra_array = conc_to_spectra(conc_array, red, green, blue, wavelength)"
   ]
  },
  {
   "cell_type": "code",
   "execution_count": 3,
   "metadata": {
    "scrolled": true
   },
   "outputs": [
    {
     "name": "stdout",
     "output_type": "stream",
     "text": [
      "The target conc is: [0.5073313  0.01445543 0.47821328]\n",
      "[[0.24713174 0.19222629 0.56064197]\n",
      " [0.74991582 0.07214878 0.1779354 ]\n",
      " [0.54257527 0.15283158 0.30459315]\n",
      " [0.18653822 0.1918819  0.62157988]\n",
      " [0.11566577 0.0125104  0.87182383]\n",
      " [0.48885277 0.11887684 0.3922704 ]\n",
      " [0.69289077 0.25124366 0.05586558]\n",
      " [0.19880382 0.60784972 0.19334646]\n",
      " [0.00378866 0.02386155 0.97234979]\n",
      " [0.59574466 0.38457597 0.01967937]]\n",
      "\n",
      "[[0.51274788 0.14353163 0.34372049]\n",
      " [0.50413223 0.12190083 0.37396694]\n",
      " [0.53982301 0.15142576 0.30875123]\n",
      " [0.36781609 0.14614122 0.48604269]\n",
      " [0.50185874 0.17843866 0.3197026 ]\n",
      " [0.37254902 0.38655462 0.24089636]\n",
      " [0.53650442 0.12942478 0.3340708 ]\n",
      " [0.39249639 0.37373737 0.23376623]\n",
      " [0.46081209 0.1680831  0.37110482]\n",
      " [0.49045226 0.11557789 0.39396985]]\n",
      "\n",
      "[[0.50347567 0.12611718 0.37040715]\n",
      " [0.52772074 0.12936345 0.34291581]\n",
      " [0.54994851 0.1277034  0.32234809]\n",
      " [0.31015299 0.13838665 0.55146036]\n",
      " [0.49156118 0.13607595 0.37236287]\n",
      " [0.57752256 0.09926169 0.32321575]\n",
      " [0.78721615 0.1000841  0.11269975]\n",
      " [0.47772512 0.14691943 0.37535545]\n",
      " [0.25225225 0.46096096 0.28678679]\n",
      " [0.31528444 0.22481151 0.45990404]]\n",
      "\n",
      "[[0.32461735 0.46364796 0.21173469]\n",
      " [0.47583244 0.12459721 0.39957035]\n",
      " [0.46514161 0.14052288 0.39433551]\n",
      " [0.55353728 0.14053537 0.30592734]\n",
      " [0.50859454 0.11729019 0.37411527]\n",
      " [0.64228296 0.09646302 0.26125402]\n",
      " [0.52372093 0.12651163 0.34976744]\n",
      " [0.54681275 0.12649402 0.32669323]\n",
      " [0.51458137 0.12793979 0.35747883]\n",
      " [0.3322325  0.41545575 0.25231176]]\n",
      "\n",
      "[[0.13954713 0.33701948 0.52343339]\n",
      " [0.43666323 0.19567456 0.3676622 ]\n",
      " [0.42424242 0.31559497 0.2601626 ]\n",
      " [0.43670886 0.18670886 0.37658228]\n",
      " [0.4489603  0.21172023 0.33931947]\n",
      " [0.4491342  0.15692641 0.39393939]\n",
      " [0.51295896 0.13390929 0.35313175]\n",
      " [0.52868069 0.13001912 0.34130019]\n",
      " [0.48469388 0.12857143 0.38673469]\n",
      " [0.64497717 0.15639269 0.19863014]]\n",
      "\n",
      "[[0.4162963  0.1        0.4837037 ]\n",
      " [0.47857889 0.19644723 0.32497388]\n",
      " [0.52610031 0.11054248 0.36335722]\n",
      " [0.49324324 0.125      0.38175676]\n",
      " [0.48851149 0.12587413 0.38561439]\n",
      " [0.61270492 0.14036885 0.24692623]\n",
      " [0.43240454 0.1620227  0.40557276]\n",
      " [0.46492147 0.12356021 0.41151832]\n",
      " [0.57539958 0.1181376  0.30646282]\n",
      " [0.4010989  0.23443223 0.36446886]]\n",
      "\n",
      "[[0.564      0.123      0.313     ]\n",
      " [0.54604052 0.10128913 0.35267035]\n",
      " [0.48579824 0.16062684 0.35357493]\n",
      " [0.46862348 0.11437247 0.41700405]\n",
      " [0.06425703 0.12148594 0.81425703]\n",
      " [0.484      0.103      0.413     ]\n",
      " [0.28830519 0.4521576  0.25953721]\n",
      " [0.45100105 0.11591149 0.43308746]\n",
      " [0.59178931 0.08752905 0.32068164]\n",
      " [0.47909091 0.19090909 0.33      ]]\n",
      "\n",
      "[[0.45436893 0.1407767  0.40485437]\n",
      " [0.59629101 0.2425107  0.16119829]\n",
      " [0.27167981 0.52395391 0.20436628]\n",
      " [0.43827751 0.16650718 0.39521531]\n",
      " [0.35693642 0.2984104  0.34465318]\n",
      " [0.40864086 0.15661566 0.43474347]\n",
      " [0.48358209 0.10248756 0.41393035]\n",
      " [0.57373737 0.10707071 0.31919192]\n",
      " [0.42653061 0.14693878 0.42653061]\n",
      " [0.31111111 0.10322581 0.58566308]]\n",
      "\n",
      "[[0.43336355 0.11786038 0.44877607]\n",
      " [0.42696629 0.16956078 0.40347293]\n",
      " [0.42502142 0.15081405 0.42416452]\n",
      " [0.43183985 0.09723546 0.47092469]\n",
      " [0.42955665 0.15369458 0.41674877]\n",
      " [0.46294514 0.13474495 0.40230991]\n",
      " [0.46868687 0.12323232 0.40808081]\n",
      " [0.3516129  0.4311828  0.2172043 ]\n",
      " [0.45144077 0.10885806 0.43970117]\n",
      " [0.56120527 0.13841808 0.30037665]]\n",
      "\n",
      "[[0.41323792 0.13774597 0.4490161 ]\n",
      " [0.44340255 0.08238446 0.47421299]\n",
      " [0.31642512 0.16183575 0.52173913]\n",
      " [0.38739574 0.14179796 0.4708063 ]\n",
      " [0.46706587 0.1247505  0.40818363]\n",
      " [0.40738423 0.06758448 0.52503129]\n",
      " [0.55713094 0.10258549 0.34028357]\n",
      " [0.30841121 0.0894526  0.60213618]\n",
      " [0.31034483 0.08045977 0.6091954 ]\n",
      " [0.46666667 0.12736318 0.40597015]]\n",
      "\n",
      "[[0.55037783 0.14735516 0.302267  ]\n",
      " [0.44926108 0.12216749 0.42857143]\n",
      " [0.44098206 0.17374882 0.38526912]\n",
      " [0.40740741 0.18718719 0.40540541]\n",
      " [0.44079602 0.08358209 0.47562189]\n",
      " [0.5495283  0.20872642 0.24174528]\n",
      " [0.50215517 0.06142241 0.43642241]\n",
      " [0.46572581 0.12903226 0.40524194]\n",
      " [0.47634409 0.01505376 0.50860215]\n",
      " [0.45717234 0.05366357 0.48916409]]\n",
      "\n",
      "[[0.45892351 0.01416431 0.52691218]\n",
      " [0.41275465 0.10186005 0.4853853 ]\n",
      " [0.56734207 0.06555423 0.36710369]\n",
      " [0.44948064 0.02360718 0.52691218]\n",
      " [0.45906433 0.0165692  0.52436647]\n",
      " [0.46348588 0.04381694 0.49269718]\n",
      " [0.45050505 0.03535354 0.51414141]\n",
      " [0.43743428 0.01787592 0.5446898 ]\n",
      " [0.44114921 0.08804449 0.4708063 ]\n",
      " [0.48166501 0.0148662  0.50346878]]\n",
      "\n",
      "[[0.4398855  0.08015267 0.47996183]\n",
      " [0.39134126 0.18166384 0.42699491]\n",
      " [0.45037453 0.07865169 0.47097378]\n",
      " [0.44901961 0.04509804 0.50588235]\n",
      " [0.19069069 0.40740741 0.4019019 ]\n",
      " [0.44101124 0.08801498 0.47097378]\n",
      " [0.43733093 0.08656447 0.4761046 ]\n",
      " [0.32990398 0.28395062 0.3861454 ]\n",
      " [0.4015025  0.34557596 0.25292154]\n",
      " [0.45242537 0.0130597  0.53451493]]\n",
      "\n",
      "[[0.27995521 0.08174692 0.63829787]\n",
      " [0.46744412 0.07580175 0.45675413]\n",
      " [0.49585921 0.05486542 0.44927536]\n",
      " [0.47379455 0.07127883 0.45492662]\n",
      " [0.42884432 0.04106972 0.53008596]\n",
      " [0.56640182 0.04880817 0.38479001]\n",
      " [0.46974359 0.07487179 0.45538462]\n",
      " [0.32036775 0.05799151 0.62164074]\n",
      " [0.3107221  0.02188184 0.66739606]\n",
      " [0.35334477 0.15437393 0.4922813 ]]\n",
      "\n",
      "[[0.2375     0.51847826 0.24402174]\n",
      " [0.47971602 0.05476673 0.46551724]\n",
      " [0.51431718 0.03854626 0.44713656]\n",
      " [0.49599198 0.05410822 0.4498998 ]\n",
      " [0.23628049 0.43394309 0.32977642]\n",
      " [0.35351271 0.27727952 0.36920777]\n",
      " [0.47584034 0.07773109 0.44642857]\n",
      " [0.27977044 0.07747489 0.64275466]\n",
      " [0.44080338 0.07928118 0.47991543]\n",
      " [0.46407186 0.08383234 0.45209581]]\n",
      "\n",
      "[[0.41485069 0.1920904  0.39305892]\n",
      " [0.50980392 0.01341589 0.47678019]\n",
      " [0.48024316 0.09929078 0.42046606]\n",
      " [0.49808061 0.05566219 0.4462572 ]\n",
      " [0.50393701 0.08661417 0.40944882]\n",
      " [0.55868972 0.03457689 0.40673339]\n",
      " [0.6332853  0.06051873 0.30619597]\n",
      " [0.45876289 0.07525773 0.46597938]\n",
      " [0.46051168 0.04226919 0.49721913]\n",
      " [0.30615165 0.05436338 0.63948498]]\n",
      "\n",
      "[[0.55784314 0.01470588 0.42745098]\n",
      " [0.51821494 0.04826958 0.43351548]\n",
      " [0.41883768 0.02805611 0.55310621]\n",
      " [0.50346192 0.02274975 0.47378833]\n",
      " [0.4329653  0.03391167 0.53312303]\n",
      " [0.55566802 0.01315789 0.43117409]\n",
      " [0.51964637 0.0324165  0.44793713]\n",
      " [0.5127421  0.01223242 0.47502548]\n",
      " [0.63655462 0.02310924 0.34033613]\n",
      " [0.49830795 0.0143824  0.48730964]]\n",
      "\n",
      "[[0.50676285 0.04688909 0.44634806]\n",
      " [0.55275444 0.02987862 0.41736695]\n",
      " [0.56133464 0.02158979 0.41707556]\n",
      " [0.40414508 0.01554404 0.58031088]\n",
      " [0.53189401 0.00196271 0.46614328]\n",
      " [0.5185567  0.02268041 0.45876289]\n",
      " [0.51655052 0.07142857 0.41202091]\n",
      " [0.46412352 0.01362398 0.5222525 ]\n",
      " [0.28428701 0.28337875 0.43233424]\n",
      " [0.49568552 0.04985618 0.45445829]]\n",
      "\n",
      "[[0.38506164 0.30601885 0.30891951]\n",
      " [0.53411306 0.0214425  0.44444444]\n",
      " [0.51955868 0.0220662  0.45837513]\n",
      " [0.4640884  0.17521705 0.36069455]\n",
      " [0.55092593 0.01759259 0.43148148]\n",
      " [0.41578149 0.24430956 0.33990895]\n",
      " [0.52079395 0.03875236 0.44045369]\n",
      " [0.75561798 0.00842697 0.23595506]\n",
      " [0.50929368 0.07620818 0.41449814]\n",
      " [0.29814711 0.46153846 0.24031443]]\n",
      "\n",
      "[[0.74344828 0.03862069 0.21793103]\n",
      " [0.54012624 0.01983769 0.44003607]\n",
      " [0.5434575  0.0191022  0.43744031]\n",
      " [0.51619433 0.02834008 0.45546559]\n",
      " [0.47667804 0.02502844 0.49829352]\n",
      " [0.18979266 0.08133971 0.72886762]\n",
      " [0.55947137 0.04625551 0.39427313]\n",
      " [0.53894737 0.02105263 0.44      ]\n",
      " [0.58185404 0.01380671 0.40433925]\n",
      " [0.60419092 0.09545984 0.30034924]]\n",
      "\n",
      "[[0.15317668 0.45953003 0.3872933 ]\n",
      " [0.55756422 0.02378687 0.41864891]\n",
      " [0.52747253 0.05311355 0.41941392]\n",
      " [0.53346856 0.02535497 0.44117647]\n",
      " [0.45358533 0.29182879 0.25458588]\n",
      " [0.48875256 0.00511247 0.50613497]\n",
      " [0.49790795 0.02615063 0.47594142]\n",
      " [0.51995906 0.02149437 0.45854657]\n",
      " [0.19594595 0.03547297 0.76858108]\n",
      " [0.54390935 0.02644004 0.42965061]]\n",
      "\n",
      "[[0.5088634  0.06777894 0.42335766]\n",
      " [0.63451087 0.0326087  0.33288043]\n",
      " [0.47703549 0.02713987 0.49582463]\n",
      " [0.48778104 0.05474096 0.45747801]\n",
      " [0.20490368 0.04553415 0.74956217]\n",
      " [0.67122302 0.01151079 0.31726619]\n",
      " [0.51035104 0.08190819 0.40774077]\n",
      " [0.51353791 0.06407942 0.42238267]\n",
      " [0.52584493 0.02087475 0.45328032]\n",
      " [0.34416446 0.02055703 0.63527851]]\n",
      "\n",
      "[[0.17201166 0.41496599 0.41302235]\n",
      " [0.48733536 0.05673759 0.45592705]\n",
      " [0.63073394 0.02293578 0.34633028]\n",
      " [0.54423868 0.02057613 0.43518519]\n",
      " [0.20491803 0.04590164 0.74918033]\n",
      " [0.64915966 0.03081232 0.32002801]\n",
      " [0.34354628 0.29335072 0.363103  ]\n",
      " [0.49843587 0.02502607 0.47653806]\n",
      " [0.51070039 0.04863813 0.44066148]\n",
      " [0.51383764 0.07380074 0.41236162]]\n",
      "\n",
      "[[0.35760634 0.30641673 0.33597693]\n",
      " [0.28744939 0.43724696 0.27530364]\n",
      " [0.62790698 0.03100775 0.34108527]\n",
      " [0.46923077 0.08269231 0.44807692]\n",
      " [0.58631922 0.04451683 0.36916395]\n",
      " [0.23949338 0.48647093 0.27403569]\n",
      " [0.47444444 0.05333333 0.47222222]\n",
      " [0.50353893 0.01516684 0.48129424]\n",
      " [0.49275362 0.04347826 0.46376812]\n",
      " [0.47437426 0.02979738 0.49582837]]\n",
      "\n",
      "[[0.5035035  0.01101101 0.48548549]\n",
      " [0.35788828 0.03990178 0.60220994]\n",
      " [0.49215143 0.07848569 0.42936288]\n",
      " [0.37652988 0.0611951  0.56227502]\n",
      " [0.49375    0.00520833 0.50104167]\n",
      " [0.52716873 0.01429933 0.45853194]\n",
      " [0.2972973  0.42009401 0.2826087 ]\n",
      " [0.53896714 0.00469484 0.45633803]\n",
      " [0.51626016 0.05589431 0.42784553]\n",
      " [0.54443309 0.03575077 0.41981614]]\n",
      "\n",
      "[[0.46365248 0.01241135 0.52393617]\n",
      " [0.54903943 0.02123357 0.429727  ]\n",
      " [0.40274314 0.06733167 0.52992519]\n",
      " [0.57527418 0.02093719 0.40378863]\n",
      " [0.5024728  0.01879327 0.47873393]\n",
      " [0.29370277 0.4604534  0.24584383]\n",
      " [0.39531368 0.01133787 0.59334845]\n",
      " [0.55397951 0.06382979 0.3821907 ]\n",
      " [0.50654582 0.0040282  0.48942598]\n",
      " [0.53665158 0.01266968 0.45067873]]\n",
      "\n",
      "[[0.4847512  0.26966292 0.24558587]\n",
      " [0.38567073 0.01371951 0.60060976]\n",
      " [0.17996604 0.09168081 0.72835314]\n",
      " [0.36111111 0.00569801 0.63319088]\n",
      " [0.01061947 0.13097345 0.85840708]\n",
      " [0.54139535 0.01395349 0.44465116]\n",
      " [0.54171181 0.00433369 0.4539545 ]\n",
      " [0.48246445 0.0549763  0.46255924]\n",
      " [0.48269411 0.09728718 0.42001871]\n",
      " [0.53319283 0.056902   0.40990516]]\n",
      "\n",
      "[[0.38365243 0.05375552 0.56259205]\n",
      " [0.26630435 0.45471014 0.27898551]\n",
      " [0.51889401 0.05437788 0.42672811]\n",
      " [0.38838269 0.08428246 0.52733485]\n",
      " [0.47521552 0.02478448 0.5       ]\n",
      " [0.54484733 0.06965649 0.38549618]\n",
      " [0.54018311 0.00406918 0.45574771]\n",
      " [0.51622137 0.0601145  0.42366412]\n",
      " [0.4781746  0.05357143 0.46825397]\n",
      " [0.55009634 0.04238921 0.40751445]]\n",
      "\n",
      "[[0.52380952 0.05357143 0.42261905]\n",
      " [0.64913449 0.0159787  0.33488682]\n",
      " [0.36834925 0.01091405 0.6207367 ]\n",
      " [0.39572864 0.06658291 0.53768844]\n",
      " [0.38127468 0.31810491 0.30062042]\n",
      " [0.45923633 0.0247678  0.51599587]\n",
      " [0.64460784 0.07843137 0.27696078]\n",
      " [0.51919192 0.05353535 0.42727273]\n",
      " [0.44915254 0.02354049 0.52730697]\n",
      " [0.44044044 0.004004   0.55555556]]\n",
      "\n",
      "[[0.44003868 0.06189555 0.49806576]\n",
      " [0.40430438 0.04073789 0.55495772]\n",
      " [0.57596154 0.01346154 0.41057692]\n",
      " [0.45883534 0.02409639 0.51706827]\n",
      " [0.38313856 0.1869783  0.42988314]\n",
      " [0.4346247  0.0653753  0.5       ]\n",
      " [0.40943756 0.34509056 0.24547188]\n",
      " [0.52235551 0.02508179 0.4525627 ]\n",
      " [0.55403987 0.00314795 0.44281217]\n",
      " [0.62849162 0.06145251 0.31005587]]\n",
      "\n",
      "[[0.50336215 0.06243996 0.43419789]\n",
      " [0.40507302 0.01691007 0.57801691]\n",
      " [0.53869969 0.02579979 0.43550052]\n",
      " [0.48407643 0.11373976 0.4021838 ]\n",
      " [0.52652653 0.02102102 0.45245245]\n",
      " [0.63193968 0.04455106 0.32350925]\n",
      " [0.53128008 0.03368624 0.43503369]\n",
      " [0.3490488  0.02894955 0.62200165]\n",
      " [0.4346378  0.18734388 0.37801832]\n",
      " [0.522      0.025      0.453     ]]\n",
      "\n",
      "[[0.52130823 0.02874133 0.44995045]\n",
      " [0.53265306 0.0255102  0.44183673]\n",
      " [0.54375    0.02604167 0.43020833]\n",
      " [0.41102362 0.07480315 0.51417323]\n",
      " [0.56673114 0.03384913 0.39941973]\n",
      " [0.49390815 0.07029053 0.43580131]\n",
      " [0.51176471 0.04411765 0.44411765]\n",
      " [0.52       0.06818182 0.41181818]\n",
      " [0.3786897  0.00791937 0.61339093]\n",
      " [0.4571949  0.11111111 0.43169399]]\n",
      "\n",
      "[[0.52786221 0.02532928 0.44680851]\n",
      " [0.44797936 0.08426483 0.4677558 ]\n",
      " [0.5154321  0.02880658 0.45576132]\n",
      " [0.06451613 0.05040323 0.88508065]\n",
      " [0.41272304 0.25446082 0.33281614]\n",
      " [0.28776042 0.03645833 0.67578125]\n",
      " [0.53406998 0.01381215 0.45211786]\n",
      " [0.49659864 0.05247813 0.45092323]\n",
      " [0.4740991  0.03153153 0.49436937]\n",
      " [0.73393316 0.07455013 0.19151671]]\n",
      "\n",
      "[[0.48399247 0.05932203 0.4566855 ]\n",
      " [0.52244898 0.02346939 0.45408163]\n",
      " [0.49450549 0.10397295 0.40152156]\n",
      " [0.54466859 0.02689721 0.4284342 ]\n",
      " [0.52229299 0.06642402 0.41128298]\n",
      " [0.4809322  0.04131356 0.47775424]\n",
      " [0.39722573 0.03530895 0.56746532]\n",
      " [0.42749371 0.02347024 0.54903604]\n",
      " [0.52882483 0.01219512 0.45898004]\n",
      " [0.54185022 0.0246696  0.43348018]]\n",
      "\n",
      "[[0.40184758 0.24865281 0.34949962]\n",
      " [0.45089757 0.0654699  0.48363252]\n",
      " [0.44228695 0.04530744 0.51240561]\n",
      " [0.48387097 0.04946237 0.46666667]\n",
      " [0.34482759 0.00811359 0.64705882]\n",
      " [0.11225444 0.47895229 0.40879326]\n",
      " [0.47584321 0.11212397 0.41203282]\n",
      " [0.46583851 0.04451346 0.48964803]\n",
      " [0.55311005 0.00956938 0.43732057]\n",
      " [0.45405405 0.03351351 0.51243243]]\n",
      "\n",
      "[[0.67270195 0.09610028 0.23119777]\n",
      " [0.26052779 0.46771477 0.27175744]\n",
      " [0.66061828 0.02620968 0.31317204]\n",
      " [0.46428571 0.0218894  0.51382488]\n",
      " [0.3267254  0.0256975  0.64757709]\n",
      " [0.48396794 0.0490982  0.46693387]\n",
      " [0.40175097 0.14494163 0.45330739]\n",
      " [0.34064213 0.31636648 0.34299139]\n",
      " [0.23286938 0.23768737 0.52944325]\n",
      " [0.4810901  0.02447164 0.49443826]]\n",
      "\n",
      "[[0.43761302 0.02531646 0.53707052]\n",
      " [0.53503893 0.02669633 0.43826474]\n",
      " [0.45625588 0.07902164 0.46472248]\n",
      " [0.45488372 0.08744186 0.45767442]\n",
      " [0.33885438 0.04416839 0.61697723]\n",
      " [0.53583618 0.01592719 0.44823663]\n",
      " [0.31653226 0.35215054 0.3313172 ]\n",
      " [0.52287582 0.24400871 0.23311547]\n",
      " [0.47846333 0.02793946 0.49359721]\n",
      " [0.26312849 0.4603352  0.27653631]]\n",
      "\n",
      "[[0.32796486 0.31259151 0.35944363]\n",
      " [0.45301682 0.05637982 0.49060336]\n",
      " [0.24791086 0.06545961 0.68662953]\n",
      " [0.47004132 0.01549587 0.51446281]\n",
      " [0.31061453 0.02681564 0.66256983]\n",
      " [0.26127613 0.48679868 0.25192519]\n",
      " [0.48829431 0.02898551 0.48272018]\n",
      " [0.3803056  0.27758913 0.34210526]\n",
      " [0.47167868 0.02059732 0.507724  ]\n",
      " [0.47895792 0.06713427 0.45390782]]\n",
      "\n",
      "[[0.4534413  0.02834008 0.51821862]\n",
      " [0.13793103 0.13793103 0.72413793]\n",
      " [0.43447038 0.08797127 0.47755835]\n",
      " [0.28244275 0.48150323 0.23605402]\n",
      " [0.51527924 0.028451   0.45626976]\n",
      " [0.47181009 0.01879327 0.50939664]\n",
      " [0.45965271 0.01532176 0.52502554]\n",
      " [0.43047035 0.01022495 0.5593047 ]\n",
      " [0.34381858 0.30358449 0.35259693]\n",
      " [0.30273556 0.43768997 0.25957447]]\n",
      "\n",
      "[[0.46244344 0.02533937 0.51221719]\n",
      " [0.43240093 0.03263403 0.53496503]\n",
      " [0.72331461 0.05337079 0.22331461]\n",
      " [0.5375     0.02916667 0.43333333]\n",
      " [0.62040134 0.19732441 0.18227425]\n",
      " [0.51933216 0.02460457 0.45606327]\n",
      " [0.49597855 0.01608579 0.48793566]\n",
      " [0.30324401 0.05359661 0.64315938]\n",
      " [0.38283063 0.09048724 0.52668213]\n",
      " [0.49792531 0.02904564 0.47302905]]\n",
      "\n",
      "[[0.48807157 0.03578529 0.47614314]\n",
      " [0.46838156 0.0096463  0.52197213]\n",
      " [0.4593453  0.03062302 0.51003168]\n",
      " [0.30601415 0.42688679 0.26709906]\n",
      " [0.45173454 0.05580694 0.49245852]\n",
      " [0.52116935 0.01814516 0.46068548]\n",
      " [0.4622544  0.04550155 0.49224405]\n",
      " [0.25927543 0.35966827 0.38105631]\n",
      " [0.48212226 0.02652826 0.49134948]\n",
      " [0.48944724 0.02914573 0.48140704]]\n",
      "\n"
     ]
    }
   ],
   "source": [
    "#best_conc_lst = []\n",
    "#for i in range(20):\n",
    "\n",
    "\n",
    "y_train = sample_conc[0:-1,:]\n",
    "x_train = sample_spectra[:,1:-1]\n",
    "objective_row = -1 #Change this number for a different concentration to test. \n",
    "x_test = sample_spectra[:,objective_row].reshape(-1,1) \n",
    "print('The target conc is:', sample_conc[objective_row,:])\n",
    "print(conc_array)\n",
    "print()\n",
    "\n",
    "######## Use this if the starting concentrations and spectra from excel are to be used ###########\n",
    "#y_train = sample_conc[0:-1,:]\n",
    "#y_train_conc = y_train\n",
    "##################################################################################################\n",
    "\n",
    "\n",
    "######## Use this for random starting concentrations and spectra #################################\n",
    "x_train = spectra_array.T\n",
    "y_train_conc = conc_array \n",
    "##################################################################################################\n",
    "\n",
    "\n",
    "#Normalizae x_train\n",
    "x_train = MinMaxScaler().fit(x_train).transform(x_train)\n",
    "x_test = MinMaxScaler().fit(x_test).transform(x_test).T\n",
    "x_train = x_train.T\n",
    "x_test = x_test.reshape(1,-1)[0].reshape(-1,1).T\n",
    "\n",
    "pca = PCA(n_components=3)\n",
    "x_train_new = pca.fit(x_train)\n",
    "x_train_spectra = pca.transform(x_train)\n",
    "x_test = pca.transform(x_test)\n",
    "\n",
    "best_gen0 = fitness(x_train_spectra, y_train_conc, x_test)\n",
    "best_conc = best_gen0[-1,x_train_spectra.shape[1]:-1]\n",
    "\n",
    "gen_concs = [y_train_conc]\n",
    "best_conc_list = [best_conc]\n",
    "for i in range(40):\n",
    "    gen2_spectra = conc_to_spectra(gen_concs[i], red, green, blue, wavelength)\n",
    "    #gen2_spectra = normalize_and_pca(gen2_spectra)\n",
    "    x_train = gen2_spectra.T\n",
    "    x_train = MinMaxScaler().fit(x_train).transform(x_train)\n",
    "    x_train = x_train.T\n",
    "\n",
    "    gen2_spectra = pca.transform(x_train)\n",
    "     \n",
    "    gen3 = GA_algorithm(gen2_spectra, gen_concs[i], x_test, 20, 10, 0.8)\n",
    "    gen_concs.append(gen3)\n",
    "    print(gen3)\n",
    "    print()\n",
    "    #best_gen5 = fitness(gen2_spectra, gen_concs[i], x_test)\n",
    "    #best_conc = best_gen5[-1,3:-1]\n",
    "    #best_conc_list.append(best_conc)\n"
   ]
  },
  {
   "cell_type": "code",
   "execution_count": 4,
   "metadata": {},
   "outputs": [
    {
     "name": "stdout",
     "output_type": "stream",
     "text": [
      "0.4555695413875431\n",
      "0.10982342757832049\n",
      "0.43460703103413634\n"
     ]
    }
   ],
   "source": [
    "mean_red = []\n",
    "mean_green = []\n",
    "mean_blue = []\n",
    "\n",
    "for i in range(len(gen_concs)):\n",
    "    mean_row = np.mean(gen_concs[i], axis = 0)\n",
    "    mean_red.append(mean_row[0])\n",
    "    mean_green.append(mean_row[1])\n",
    "    mean_blue.append(mean_row[2])\n",
    "print(np.mean(mean_red))\n",
    "print(np.mean(mean_green))\n",
    "print(np.mean(mean_blue))\n",
    "\n",
    "    "
   ]
  },
  {
   "cell_type": "code",
   "execution_count": 5,
   "metadata": {},
   "outputs": [
    {
     "data": {
      "text/plain": [
       "array([0.43878158, 0.10377373, 0.45744469])"
      ]
     },
     "execution_count": 5,
     "metadata": {},
     "output_type": "execute_result"
    }
   ],
   "source": [
    "np.mean(gen3, axis=0)"
   ]
  },
  {
   "cell_type": "code",
   "execution_count": 6,
   "metadata": {},
   "outputs": [
    {
     "data": {
      "text/plain": [
       "array([[-0.61239457, -0.2864288 , -0.57022411]])"
      ]
     },
     "execution_count": 6,
     "metadata": {},
     "output_type": "execute_result"
    }
   ],
   "source": [
    "x_test"
   ]
  },
  {
   "cell_type": "code",
   "execution_count": 13,
   "metadata": {},
   "outputs": [],
   "source": [
    "def spectra_from_conc(action, RED, GREEN, BLUE):\n",
    "    \"\"\"Transforms actions and input into output.\"\"\"\n",
    "    fract = normalize_to_fraction(action)\n",
    "    return RED*fract[0] + GREEN*fract[1] + BLUE*fract[2]\n",
    "\n",
    "def normalize_to_fraction(action):\n",
    "    \"\"\"Returns the fraction of total volume given the concentrations (action).\"\"\"\n",
    "    total = np.sum(action)\n",
    "    return action / total"
   ]
  },
  {
   "cell_type": "code",
   "execution_count": 16,
   "metadata": {},
   "outputs": [],
   "source": [
    "target_spectra=sample_spectra[:,objective_row]\n",
    "sample_spectra = pd.read_excel('../../../data/Sample_spectra.xlsx')\n",
    "sample_spectra = np.asarray(sample_spectra)\n",
    "# spectra of base dyes\n",
    "RED = sample_spectra[:,1]\n",
    "GREEN = sample_spectra[:,2]\n",
    "BLUE = sample_spectra[:,3]"
   ]
  },
  {
   "cell_type": "code",
   "execution_count": 17,
   "metadata": {},
   "outputs": [
    {
     "name": "stderr",
     "output_type": "stream",
     "text": [
      "<ipython-input-17-5010e661da5b>:2: RuntimeWarning: More than 20 figures have been opened. Figures created through the pyplot interface (`matplotlib.pyplot.figure`) are retained until explicitly closed and may consume too much memory. (To control this warning, see the rcParam `figure.max_open_warning`).\n",
      "  plt.figure()\n"
     ]
    },
    {
     "data": {
