{
 "cells": [
  {
   "cell_type": "code",
   "execution_count": 1,
   "id": "c4670352",
   "metadata": {},
   "outputs": [],
   "source": [
    "import gym\n",
    "import tensorflow as tf\n",
    "from tensorflow.keras import layers\n",
    "import numpy as np\n",
    "import matplotlib.pyplot as plt\n",
    "import sklearn.metrics\n",
    "import pandas as pd"
   ]
  },
  {
   "cell_type": "code",
   "execution_count": 2,
   "id": "f82f9e04",
   "metadata": {},
   "outputs": [
    {
     "name": "stderr",
     "output_type": "stream",
     "text": [
      "<>:49: SyntaxWarning: \"is not\" with a literal. Did you mean \"!=\"?\n",
      "<>:49: SyntaxWarning: \"is not\" with a literal. Did you mean \"!=\"?\n",
      "<ipython-input-2-45729f7a6178>:49: SyntaxWarning: \"is not\" with a literal. Did you mean \"!=\"?\n",
      "  if len(solution) is not 0:\n"
     ]
    }
   ],
   "source": [
    "def beers_law(solution, path_length, coeffs, min_wavelength, max_wavelength):\n",
    "    \"\"\"\n",
    "    Applys Beers-Lampert Law to get the total absorbtion\n",
    "    of a solution.\n",
    "    Inputs:\n",
    "    solution: Dictionary of the form Name->Concentration\n",
    "    path_length: float\n",
    "    coeffs: pd dataframe with column 'Wavelength' and coefficients in other column.\n",
    "    Each other column corresponds to the coffiecient at that wavelength for the \n",
    "    title of the column which should be the same as the solution\n",
    "    \n",
    "    'Wavelength', 'Dye1', 'Dye2'\n",
    "    600, .1, 0\n",
    "    601, .2, .1\n",
    "\n",
    "    Returns the overall absorbtion as a float\n",
    "    \"\"\"\n",
    "    wavelengths = []\n",
    "    spectra = []\n",
    "    absorbtion = 0\n",
    "    coeffs_with_index = coeffs.set_index('Wavelength')\n",
    "    coeffs_with_index.sort_index(inplace=True)\n",
    "    coeffs_with_index.dropna(inplace=True)\n",
    "    \n",
    "    for index, row in coeffs_with_index.iterrows():\n",
    "        if index >= min_wavelength and index <= max_wavelength:\n",
    "            for key in solution:\n",
    "                absorbtion += solution[key] * coeffs_with_index.loc[index, key]\n",
    "            wavelengths.append(index)\n",
    "            spectra.append(absorbtion)\n",
    "            absorbtion = 0\n",
    "        \n",
    "    \n",
    "    return wavelengths, spectra*path_length\n",
    "\n",
    "\n",
    "def random_solution(coeffs, complexity):\n",
    "    \"\"\"\n",
    "    \"\"\"\n",
    "    cont = True\n",
    "    while cont:\n",
    "        opt = coeffs.columns[1:]\n",
    "        solution = {}\n",
    "        rand = np.random.rand(len(opt))\n",
    "        for i, name in enumerate(opt):\n",
    "            if rand[i] > complexity:\n",
    "                solution[name] = np.random.random() + .01\n",
    "                \n",
    "        if len(solution) is not 0:\n",
    "            cont = False\n",
    "    \n",
    "    return solution\n",
    "\n",
    "def random_spectra(path_length, coeffs, min_wavelength, max_wavelength, complexity):\n",
    "    \"\"\"\n",
    "    \"\"\"\n",
    "    \n",
    "    solution = random_solution(coeffs, complexity)\n",
    "    return beers_law(solution, path_length, coeffs, min_wavelength, max_wavelength)"
   ]
  },
  {
   "cell_type": "code",
   "execution_count": 3,
   "id": "234b5d04",
   "metadata": {},
   "outputs": [],
   "source": [
    "class CustomEnv(gym.Env):\n",
    "  \"\"\"Custom Environment that follows gym interface\"\"\"\n",
    "  metadata = {'render.modes': ['human']}\n",
    "\n",
    "  def __init__(self, goal, coeffs, dye_c):\n",
    "    super(CustomEnv, self).__init__()\n",
    "    # Define action and observation space\n",
    "    # They must be gym.spaces objects\n",
    "    # Example when using discrete actions:\n",
    "    self.action_space = gym.spaces.Box(low=-5, high=5, shape=(3,1), dtype=np.float32)\n",
    "    # Example for using image as input:\n",
    "    self.observation_space = gym.spaces.Box(low=0, high=5,\n",
    "                                       shape=(1,len(coeffs)), dtype=np.float32)\n",
    "    \n",
    "    \n",
    "    \n",
    "    self.sol = {'red': 0, 'green': 0, 'blue': 0}\n",
    "    self.goal = goal\n",
    "    self.coeffs = coeffs\n",
    "    self.total = 0\n",
    "    self.dye_c = dye_c\n",
    "    self.iter = 0\n",
    "\n",
    "  def step(self, action):\n",
    "    #print(action)\n",
    "    new_total = self.total + action[0] + action[1] + action[2] + 15\n",
    "\n",
    "    \n",
    "    self.sol['red'] = (action[0]+5) * dye_c['red'] / new_total\n",
    "    self.sol['green'] = (action[1]+5) * dye_c['green'] / new_total\n",
    "    self.sol['blue'] = (action[2]+5)* dye_c['blue'] / new_total\n",
    "    \n",
    "    print(self.sol)\n",
    "    self.total = new_total\n",
    "    \n",
    "    \n",
    "    curr = beers_law(self.sol, 1, self.coeffs, 300, 700)[1]\n",
    "    if self.iter % 50 == 0: \n",
    "        plt.figure()\n",
    "        plt.plot(curr, label='curr')\n",
    "        plt.plot(self.goal, label='goal')\n",
    "        plt.legend()\n",
    "        if(self.iter == 10):\n",
    "            print('new ep')\n",
    "            \n",
    "    reward = -sklearn.metrics.mean_squared_error(curr, self.goal) * 10\n",
    "    #print(reward)\n",
    "    self.iter +=1\n",
    "    done = True\n",
    "\n",
    "    \n",
    "    #print('reward is '+ str(reward))\n",
    "    info = {}\n",
    "    return curr, reward, done, info\n",
    "\n",
    "\n",
    "  def reset(self):\n",
    "    self.sol = {'red':0, 'green':0, 'blue':0}\n",
    "    self.total=0\n",
    "    #self.goal = random_spectra(1, self.coeffs, 300, 700, .3)[1]\n",
    "    #self.iter = 0\n",
    "    \n",
    "    return self.goal  # reward, done, info can't be included\n",
    "  def render(self, mode='human'):\n",
    "    pass\n",
    "  def close (self):\n",
    "    pass\n",
    "\n",
    "  def get_color(self, i):\n",
    "    i = np.rint(i)\n",
    "    if i == -1:\n",
    "        return 'red'\n",
    "    elif i == 0:\n",
    "        return 'green'\n",
    "    elif i == 1:\n",
    "        return 'blue'"
   ]
  },
  {
   "cell_type": "code",
   "execution_count": 4,
   "id": "74572347",
   "metadata": {},
   "outputs": [],
   "source": [
    "coeff = pd.read_csv('beers_law/rgb_coeff')\n",
    "coeff.drop(labels='Unnamed: 0', axis=1, inplace=True)\n",
    "spectra = random_spectra(1, coeff, 300, 700, .3)\n",
    "dye_c = {'red': 1, 'blue': 1, 'green': 1}\n",
    "env = CustomEnv(spectra[1], coeff, dye_c)"
   ]
  },
  {
   "cell_type": "code",
   "execution_count": 5,
   "id": "0ad1a522",
   "metadata": {},
   "outputs": [
    {
     "name": "stdout",
     "output_type": "stream",
     "text": [
      "[[3.9541314  0.54097486 3.190973   3.5652905  1.464338   0.12767777\n",
      "  4.469629   0.97133714 2.6521313  1.8677704  4.5145607  0.58158016\n",
      "  1.1760273  2.762447   3.455647   0.04159705 3.2588968  0.7816404\n",
      "  2.6860292  4.965602   1.8429286  0.0740237  4.7923417  4.554915\n",
      "  0.50663817 4.309765   4.589468   2.6890106  2.7925262  3.3982608\n",
      "  1.6059906  2.78493    0.8889095  2.888613   1.9010906  4.2861757\n",
      "  0.28159466 4.344424   1.9002427  1.8464022  4.4207816  2.8241057\n",
      "  0.23435725 3.9269042  4.367846  ]]\n",
      "[[ 1.5608168]\n",
      " [ 2.2897053]\n",
      " [-1.5454252]]\n"
     ]
    }
   ],
   "source": [
    "print(env.observation_space.sample())\n",
    "print(env.action_space.sample())"
   ]
  },
  {
   "cell_type": "code",
   "execution_count": 6,
   "id": "86eab768",
   "metadata": {},
   "outputs": [],
   "source": [
    "num_states = 41\n",
    "num_actions = 3\n",
    "\n",
    "upper_bound_amount = 5\n",
    "lower_bound_amount = -5"
   ]
  },
  {
   "cell_type": "code",
   "execution_count": 7,
   "id": "00116d91",
   "metadata": {},
   "outputs": [],
   "source": [
    "class OUActionNoise:\n",
    "    def __init__(self, mean, std_deviation, theta=0.15, dt=1e-2, x_initial=None):\n",
    "        self.theta = theta\n",
    "        self.mean = mean\n",
    "        self.std_dev = std_deviation\n",
    "        self.dt = dt\n",
    "        self.x_initial = x_initial\n",
    "        self.reset()\n",
    "\n",
    "    def __call__(self):\n",
    "        # Formula taken from https://www.wikipedia.org/wiki/Ornstein-Uhlenbeck_process.\n",
    "        x = (\n",
    "            self.x_prev\n",
    "            + self.theta * (self.mean - self.x_prev) * self.dt\n",
    "            + self.std_dev * np.sqrt(self.dt) * np.random.normal(size=self.mean.shape)\n",
    "        )\n",
    "        # Store x into x_prev\n",
    "        # Makes next noise dependent on current one\n",
    "        self.x_prev = x\n",
    "        return x\n",
    "\n",
    "    def reset(self):\n",
    "        if self.x_initial is not None:\n",
    "            self.x_prev = self.x_initial\n",
    "        else:\n",
    "            self.x_prev = np.zeros_like(self.mean)"
   ]
  },
  {
   "cell_type": "code",
   "execution_count": 8,
   "id": "b209716e",
   "metadata": {},
   "outputs": [],
   "source": [
    "class Buffer:\n",
    "    def __init__(self, batch_size=8):\n",
    "        self.buffer = pd.DataFrame(columns = ['state', 'action', 'reward', 'next_state'])\n",
    "        self.batch_size = batch_size\n",
    "\n",
    "    # Takes (s,a,r,s') obervation tuple as input\n",
    "    def record(self, obs_tuple):\n",
    "        #print(obs_tuple)\n",
    "        self.buffer = self.buffer.append({\n",
    "            'state': obs_tuple[0],\n",
    "            'action': obs_tuple[1],\n",
    "            'reward': obs_tuple[2],\n",
    "            'next_state': obs_tuple[3]\n",
    "            \n",
    "        }, ignore_index=True)\n",
    "        if len(self.buffer) > self.batch_size:\n",
    "            self.buffer.drop(index=0, inplace=True)\n",
    "            self.buffer.reset_index(drop=True, inplace=True)\n",
    "\n",
    "\n",
    "    # Eager execution is turned on by default in TensorFlow 2. Decorating with tf.function allows\n",
    "    # TensorFlow to build a static graph out of the logic and computations in our function.\n",
    "    # This provides a large speed up for blocks of code that contain many small TensorFlow operations such as this one.\n",
    "    @tf.function\n",
    "    def update(self, state_batch, action_batch, reward_batch, next_state_batch): \n",
    "        # Training and updating Actor & Critic networks.\n",
    "        # See Pseudo Code.\n",
    "        with tf.GradientTape() as tape:\n",
    "            target_actions = target_actor(next_state_batch, training=True)\n",
    "            tc = target_critic(\n",
    "                [next_state_batch, target_actions], training=True\n",
    "            )\n",
    "            #print('tc')\n",
    "            #tf.print(tc)\n",
    "            \n",
    "            y = reward_batch\n",
    "            critic_value = critic_model([state_batch, action_batch], training=True)\n",
    "            #tf.print(critic_value)\n",
    "            #tf.print(reward_batch)\n",
    "            #tf.print(y-critic_value)\n",
    "            #tf.print(tf.math.square(y - critic_value))\n",
    "\n",
    "            #print(tf.math.reduce_mean(tf.math.square(y - critic_value)))\n",
    "            critic_loss = tf.math.reduce_mean(tf.math.square(y - critic_value)) * 10\n",
    "            #tf.print(critic_loss)\n",
    "            #tf.print(critic_loss)\n",
    "            #print('---------------')\n",
    "\n",
    "        critic_grad = tape.gradient(critic_loss, critic_model.trainable_variables)\n",
    "        critic_optimizer.apply_gradients(\n",
    "            zip(critic_grad, critic_model.trainable_variables)\n",
    "        )\n",
    "        \n",
    "        with tf.GradientTape() as tape:\n",
    "            actions = actor_model(state_batch, training=True)\n",
    "            #tf.print(actions)\n",
    "            critic_value = critic_model([state_batch, actions], training=True)\n",
    "            # Used `-value` as we want to maximize the value given\n",
    "            # by the critic for our actions\n",
    "            actor_loss = -tf.math.reduce_mean(critic_value) * 10\n",
    "            #tf.print(actor_loss)\n",
    "\n",
    "        actor_grad = tape.gradient(actor_loss, actor_model.trainable_variables)\n",
    "        actor_optimizer.apply_gradients(\n",
    "            zip(actor_grad, actor_model.trainable_variables)\n",
    "        )\n",
    "        return actor_loss, critic_loss\n",
    "\n",
    "    # We compute the loss and update parameters\n",
    "    def learn(self):\n",
    "        # Convert to tensors\n",
    "        state_batch = self.buffer['state']\n",
    "        action_batch = self.buffer['action']\n",
    "        reward_batch = self.buffer['reward']\n",
    "        next_state_batch = self.buffer['next_state']\n",
    "        \n",
    "        #print(state_batch)\n",
    "        #print(state_batch[0])\n",
    "        #print(state_batch.tolist())\n",
    "        \n",
    "        \n",
    "        state_batch = tf.convert_to_tensor(self.buffer['state'].tolist())\n",
    "        action_batch = tf.convert_to_tensor(self.buffer['action'].tolist())\n",
    "        reward_batch = tf.convert_to_tensor(self.buffer['reward'].tolist())\n",
    "        reward_batch = tf.cast(reward_batch, dtype=tf.float32)\n",
    "        next_state_batch = tf.convert_to_tensor(self.buffer['next_state'].tolist())\n",
    "        #print(reward_batch)\n",
    "\n",
    "        return self.update(state_batch, action_batch, reward_batch, next_state_batch)\n",
    "\n",
    "\n",
    "# This update target parameters slowly\n",
    "# Based on rate `tau`, which is much less than one.\n",
    "@tf.function\n",
    "def update_target(target_weights, weights, tau):\n",
    "    for (a, b) in zip(target_weights, weights):\n",
    "        a.assign(b * tau + a * (1 - tau))"
   ]
  },
  {
   "cell_type": "code",
   "execution_count": 9,
   "id": "da7f54bc",
   "metadata": {},
   "outputs": [],
   "source": [
    "def get_actor():\n",
    "    # Initialize weights between -3e-3 and 3-e3\n",
    "    #last_init = tf.random_uniform_initializer(minval=-0.003, maxval=0.003)\n",
    "    last_init = tf.random_uniform_initializer()\n",
    "\n",
    "    inputs = layers.Input(shape=(num_states))\n",
    "    out = layers.Dense(32, activation=\"relu\")(inputs)\n",
    "    out = layers.Dense(16, activation=\"relu\")(out)\n",
    "    outputs = layers.Dense(3, activation=\"relu\", kernel_initializer=last_init)(out)\n",
    "\n",
    "    # Our upper bound is 2.0 for Pendulum.\n",
    "    #outputs = outputs * upper_bound_amount\n",
    "    model = tf.keras.Model(inputs, outputs)\n",
    "    return model\n",
    "\n",
    "\n",
    "def get_critic():\n",
    "    # State as input\n",
    "    state_input = layers.Input(shape=(num_states))\n",
    "    state_out = layers.Dense(32, activation=\"relu\")(state_input)\n",
    "    state_out = layers.Dense(16, activation=\"relu\")(state_out)\n",
    "\n",
    "    # Action as input\n",
    "    action_input = layers.Input(shape=(num_actions))\n",
    "    action_out = layers.Dense(16, activation=\"relu\")(action_input)\n",
    "\n",
    "    # Both are passed through seperate layer before concatenating\n",
    "    concat = layers.Concatenate()([state_out, action_out])\n",
    "\n",
    "    out = layers.Dense(64, activation=\"relu\")(concat)\n",
    "    out = layers.Dense(16, activation=\"relu\")(out)\n",
    "    outputs = layers.Dense(1)(out)\n",
    "\n",
    "    # Outputs single value for give state-action\n",
    "    model = tf.keras.Model([state_input, action_input], outputs)\n",
    "\n",
    "    return model"
   ]
  },
  {
   "cell_type": "code",
   "execution_count": 10,
   "id": "7b30d7fd",
   "metadata": {},
   "outputs": [],
   "source": [
    "def policy(state, noise_object):\n",
    "    #print(state)\n",
    "    sampled_actions = tf.squeeze(actor_model(state))\n",
    "    noise = noise_object()\n",
    "    # Adding noise to action\n",
    "    sampled_actions = sampled_actions.numpy() + noise\n",
    "\n",
    "    # We make sure action is within bounds\n",
    "    amount_red = np.clip(sampled_actions[0], lower_bound_amount, upper_bound_amount)\n",
    "    amount_green = np.clip(sampled_actions[1], lower_bound_amount, upper_bound_amount)\n",
    "    amount_blue = np.clip(sampled_actions[2], lower_bound_amount, upper_bound_amount)\n",
    "    #print(sampled_actions)\n",
    "\n",
    "    return [amount_red, amount_green, amount_blue]"
   ]
  },
  {
   "cell_type": "code",
   "execution_count": 11,
   "id": "cbf2f80a",
   "metadata": {},
   "outputs": [],
   "source": [
    "std_dev = .05\n",
    "ou_noise = OUActionNoise(mean=np.zeros(1), std_deviation=float(std_dev) * np.ones(1))\n",
    "\n",
    "actor_model = get_actor()\n",
    "critic_model = get_critic()\n",
    "\n",
    "target_actor = get_actor()\n",
    "target_critic = get_critic()\n",
    "\n",
    "# Making the weights equal initially\n",
    "target_actor.set_weights(actor_model.get_weights())\n",
    "target_critic.set_weights(critic_model.get_weights())\n",
    "\n",
    "# Learning rate for actor-critic models\n",
    "critic_lr = 0.001\n",
    "actor_lr = 0.001\n",
    "\n",
    "critic_optimizer = tf.keras.optimizers.Adam(critic_lr)\n",
    "actor_optimizer = tf.keras.optimizers.Adam(actor_lr)\n",
    "\n",
    "total_episodes = 1000\n",
    "# Discount factor for future rewards\n",
    "gamma = 0.99\n",
    "# Used to update target networks\n",
    "tau = 0.005\n",
    "\n",
    "buffer = Buffer(8)\n"
   ]
  },
  {
   "cell_type": "code",
   "execution_count": 12,
   "id": "0c91e64a",
   "metadata": {
    "scrolled": false
   },
   "outputs": [
    {
     "name": "stdout",
     "output_type": "stream",
     "text": [
      "{'red': 0.3335347135295023, 'green': 0.33305519046279547, 'blue': 0.3334100960077023}\n",
      "{'red': 0.333926555595734, 'green': 0.333036722202133, 'blue': 0.333036722202133}\n",
      "{'red': 0.33416839610191434, 'green': 0.33291580194904286, 'blue': 0.33291580194904286}\n",
      "{'red': 0.33440085109955364, 'green': 0.3327995744502232, 'blue': 0.3327995744502232}\n",
      "{'red': 0.3346301089836337, 'green': 0.3326849455081831, 'blue': 0.3326849455081831}\n",
      "WARNING:tensorflow:5 out of the last 5 calls to <function Buffer.update at 0x1441b2040> triggered tf.function retracing. Tracing is expensive and the excessive number of tracings could be due to (1) creating @tf.function repeatedly in a loop, (2) passing tensors with different shapes, (3) passing Python objects instead of tensors. For (1), please define your @tf.function outside of the loop. For (2), @tf.function has experimental_relax_shapes=True option that relaxes argument shapes that can avoid unnecessary retracing. For (3), please refer to https://www.tensorflow.org/guide/function#controlling_retracing and https://www.tensorflow.org/api_docs/python/tf/function for  more details.\n",
      "{'red': 0.33486272249301435, 'green': 0.3325686387534928, 'blue': 0.3325686387534928}\n",
      "WARNING:tensorflow:6 out of the last 6 calls to <function Buffer.update at 0x1441b2040> triggered tf.function retracing. Tracing is expensive and the excessive number of tracings could be due to (1) creating @tf.function repeatedly in a loop, (2) passing tensors with different shapes, (3) passing Python objects instead of tensors. For (1), please define your @tf.function outside of the loop. For (2), @tf.function has experimental_relax_shapes=True option that relaxes argument shapes that can avoid unnecessary retracing. For (3), please refer to https://www.tensorflow.org/guide/function#controlling_retracing and https://www.tensorflow.org/api_docs/python/tf/function for  more details.\n",
      "{'red': 0.33510463702861776, 'green': 0.3324476814856911, 'blue': 0.3324476814856911}\n",
      "WARNING:tensorflow:7 out of the last 7 calls to <function Buffer.update at 0x1441b2040> triggered tf.function retracing. Tracing is expensive and the excessive number of tracings could be due to (1) creating @tf.function repeatedly in a loop, (2) passing tensors with different shapes, (3) passing Python objects instead of tensors. For (1), please define your @tf.function outside of the loop. For (2), @tf.function has experimental_relax_shapes=True option that relaxes argument shapes that can avoid unnecessary retracing. For (3), please refer to https://www.tensorflow.org/guide/function#controlling_retracing and https://www.tensorflow.org/api_docs/python/tf/function for  more details.\n",
      "{'red': 0.33533604025544256, 'green': 0.3323319798722787, 'blue': 0.3323319798722787}\n",
      "WARNING:tensorflow:8 out of the last 8 calls to <function Buffer.update at 0x1441b2040> triggered tf.function retracing. Tracing is expensive and the excessive number of tracings could be due to (1) creating @tf.function repeatedly in a loop, (2) passing tensors with different shapes, (3) passing Python objects instead of tensors. For (1), please define your @tf.function outside of the loop. For (2), @tf.function has experimental_relax_shapes=True option that relaxes argument shapes that can avoid unnecessary retracing. For (3), please refer to https://www.tensorflow.org/guide/function#controlling_retracing and https://www.tensorflow.org/api_docs/python/tf/function for  more details.\n",
      "{'red': 0.33556237376313197, 'green': 0.332218813118434, 'blue': 0.332218813118434}\n",
      "{'red': 0.33578140658439004, 'green': 0.332109296707805, 'blue': 0.332109296707805}\n",
      "{'red': 0.33598613785772974, 'green': 0.33200693107113516, 'blue': 0.33200693107113516}\n",
      "{'red': 0.336188308284906, 'green': 0.33190584585754707, 'blue': 0.33190584585754707}\n",
      "{'red': 0.33639393308098847, 'green': 0.33180303345950574, 'blue': 0.33180303345950574}\n",
      "{'red': 0.3365940591434291, 'green': 0.33170297042828545, 'blue': 0.33170297042828545}\n",
      "{'red': 0.33681131980509993, 'green': 0.33159434009745004, 'blue': 0.33159434009745004}\n",
      "{'red': 0.33703863189473204, 'green': 0.331480684052634, 'blue': 0.331480684052634}\n",
      "{'red': 0.33728191557166887, 'green': 0.33135904221416557, 'blue': 0.33135904221416557}\n",
      "{'red': 0.3375245660496119, 'green': 0.33123771697519405, 'blue': 0.33123771697519405}\n",
      "{'red': 0.33777351668659955, 'green': 0.33111324165670025, 'blue': 0.33111324165670025}\n",
      "{'red': 0.33802493343663714, 'green': 0.33098753328168146, 'blue': 0.33098753328168146}\n",
      "{'red': 0.3382440309880219, 'green': 0.33087798450598904, 'blue': 0.33087798450598904}\n",
      "{'red': 0.33836941076123755, 'green': 0.3308152946193813, 'blue': 0.3308152946193813}\n",
      "{'red': 0.33839004152606295, 'green': 0.33080497923696855, 'blue': 0.33080497923696855}\n",
      "{'red': 0.33836518233403573, 'green': 0.33081740883298216, 'blue': 0.33081740883298216}\n",
      "{'red': 0.33828804512698635, 'green': 0.33085597743650685, 'blue': 0.33085597743650685}\n",
      "{'red': 0.3381454092771111, 'green': 0.33092729536144444, 'blue': 0.33092729536144444}\n",
      "{'red': 0.33796788106505554, 'green': 0.33101605946747226, 'blue': 0.33101605946747226}\n",
      "{'red': 0.3377716205770888, 'green': 0.3311141897114556, 'blue': 0.3311141897114556}\n",
      "{'red': 0.3375543530926528, 'green': 0.3312228234536736, 'blue': 0.3312228234536736}\n",
      "{'red': 0.33731067906608814, 'green': 0.33134466046695593, 'blue': 0.33134466046695593}\n",
      "{'red': 0.33706172277143726, 'green': 0.3314691386142814, 'blue': 0.3314691386142814}\n",
      "{'red': 0.33681120221962735, 'green': 0.3315943988901863, 'blue': 0.3315943988901863}\n",
      "{'red': 0.3365546148848979, 'green': 0.3317226925575511, 'blue': 0.3317226925575511}\n",
      "{'red': 0.33629970144135685, 'green': 0.33185014927932155, 'blue': 0.33185014927932155}\n",
      "{'red': 0.3360476664107559, 'green': 0.3319761667946221, 'blue': 0.3319761667946221}\n",
      "{'red': 0.33580683404484685, 'green': 0.3320965829775766, 'blue': 0.3320965829775766}\n",
      "{'red': 0.3355778365588113, 'green': 0.3322110817205943, 'blue': 0.3322110817205943}\n",
      "{'red': 0.33535811428305706, 'green': 0.3323209428584714, 'blue': 0.3323209428584714}\n",
      "{'red': 0.3351458506444233, 'green': 0.3324270746777883, 'blue': 0.3324270746777883}\n",
      "{'red': 0.3349450194170131, 'green': 0.3325274902914934, 'blue': 0.3325274902914934}\n",
      "{'red': 0.3347513060261752, 'green': 0.3326243469869124, 'blue': 0.3326243469869124}\n",
      "{'red': 0.33456843749029475, 'green': 0.3327157812548527, 'blue': 0.3327157812548527}\n",
      "{'red': 0.3343991635717468, 'green': 0.3328004182141266, 'blue': 0.3328004182141266}\n",
      "{'red': 0.33424171194905195, 'green': 0.3328791440254741, 'blue': 0.3328791440254741}\n",
      "{'red': 0.3340937854365826, 'green': 0.33295310728170874, 'blue': 0.33295310728170874}\n",
      "{'red': 0.3339541061045387, 'green': 0.3330229469477306, 'blue': 0.3330229469477306}\n",
      "{'red': 0.33382488442066977, 'green': 0.3330875577896651, 'blue': 0.3330875577896651}\n",
      "{'red': 0.3337000412525808, 'green': 0.33314997937370955, 'blue': 0.33314997937370955}\n",
      "{'red': 0.33358172405919717, 'green': 0.3332091379704014, 'blue': 0.3332091379704014}\n",
      "{'red': 0.3334672481189481, 'green': 0.33326637594052594, 'blue': 0.33326637594052594}\n",
      "{'red': 0.33335734912104764, 'green': 0.3333213254394762, 'blue': 0.3333213254394762}\n",
      "{'red': 0.3333333333333333, 'green': 0.3333333333333333, 'blue': 0.3333333333333333}\n",
      "{'red': 0.3333333333333333, 'green': 0.3333333333333333, 'blue': 0.3333333333333333}\n",
      "{'red': 0.3333333333333333, 'green': 0.3333333333333333, 'blue': 0.3333333333333333}\n",
      "{'red': 0.3333333333333333, 'green': 0.3333333333333333, 'blue': 0.3333333333333333}\n",
      "{'red': 0.3333333333333333, 'green': 0.3333333333333333, 'blue': 0.3333333333333333}\n",
      "{'red': 0.3333333333333333, 'green': 0.3333333333333333, 'blue': 0.3333333333333333}\n",
      "{'red': 0.33333333333333337, 'green': 0.33333333333333337, 'blue': 0.33333333333333337}\n",
      "{'red': 0.3333333333333333, 'green': 0.3333333333333333, 'blue': 0.3333333333333333}\n",
      "{'red': 0.3333333333333333, 'green': 0.3333333333333333, 'blue': 0.3333333333333333}\n",
      "{'red': 0.3333333333333333, 'green': 0.3333333333333333, 'blue': 0.3333333333333333}\n",
      "{'red': 0.3333333333333333, 'green': 0.3333333333333333, 'blue': 0.3333333333333333}\n",
      "{'red': 0.3333333333333333, 'green': 0.3333333333333333, 'blue': 0.3333333333333333}\n",
      "{'red': 0.33333333333333337, 'green': 0.33333333333333337, 'blue': 0.33333333333333337}\n",
      "{'red': 0.3333333333333333, 'green': 0.3333333333333333, 'blue': 0.3333333333333333}\n",
      "{'red': 0.3333333333333333, 'green': 0.3333333333333333, 'blue': 0.3333333333333333}\n",
      "{'red': 0.33333333333333337, 'green': 0.33333333333333337, 'blue': 0.33333333333333337}\n",
      "{'red': 0.3333333333333333, 'green': 0.3333333333333333, 'blue': 0.3333333333333333}\n",
      "{'red': 0.3333333333333333, 'green': 0.3333333333333333, 'blue': 0.3333333333333333}\n"
     ]
    },
    {
     "name": "stdout",
     "output_type": "stream",
     "text": [
      "{'red': 0.3333333333333333, 'green': 0.3333333333333333, 'blue': 0.3333333333333333}\n",
      "{'red': 0.3333333333333333, 'green': 0.3333333333333333, 'blue': 0.3333333333333333}\n",
      "{'red': 0.3333333333333333, 'green': 0.3333333333333333, 'blue': 0.3333333333333333}\n",
      "{'red': 0.3333333333333333, 'green': 0.3333333333333333, 'blue': 0.3333333333333333}\n",
      "{'red': 0.33333333333333337, 'green': 0.33333333333333337, 'blue': 0.33333333333333337}\n",
      "{'red': 0.3333333333333333, 'green': 0.3333333333333333, 'blue': 0.3333333333333333}\n",
      "{'red': 0.33333333333333337, 'green': 0.33333333333333337, 'blue': 0.33333333333333337}\n",
      "{'red': 0.3333333333333333, 'green': 0.3333333333333333, 'blue': 0.3333333333333333}\n",
      "{'red': 0.3333333333333333, 'green': 0.3333333333333333, 'blue': 0.3333333333333333}\n",
      "{'red': 0.3333333333333333, 'green': 0.3333333333333333, 'blue': 0.3333333333333333}\n",
      "{'red': 0.3333333333333333, 'green': 0.3333333333333333, 'blue': 0.3333333333333333}\n",
      "{'red': 0.3333333333333333, 'green': 0.3333333333333333, 'blue': 0.3333333333333333}\n",
      "{'red': 0.3333333333333333, 'green': 0.3333333333333333, 'blue': 0.3333333333333333}\n",
      "{'red': 0.3333333333333333, 'green': 0.3333333333333333, 'blue': 0.3333333333333333}\n",
      "{'red': 0.33333333333333337, 'green': 0.33333333333333337, 'blue': 0.33333333333333337}\n",
      "{'red': 0.3333333333333333, 'green': 0.3333333333333333, 'blue': 0.3333333333333333}\n",
      "{'red': 0.3333333333333333, 'green': 0.3333333333333333, 'blue': 0.3333333333333333}\n",
      "{'red': 0.3333333333333333, 'green': 0.3333333333333333, 'blue': 0.3333333333333333}\n",
      "{'red': 0.3333333333333333, 'green': 0.3333333333333333, 'blue': 0.3333333333333333}\n",
      "{'red': 0.33333333333333337, 'green': 0.33333333333333337, 'blue': 0.33333333333333337}\n",
      "{'red': 0.3333333333333333, 'green': 0.3333333333333333, 'blue': 0.3333333333333333}\n",
      "{'red': 0.3333333333333333, 'green': 0.3333333333333333, 'blue': 0.3333333333333333}\n",
      "{'red': 0.3333333333333333, 'green': 0.3333333333333333, 'blue': 0.3333333333333333}\n",
      "{'red': 0.33333333333333337, 'green': 0.33333333333333337, 'blue': 0.33333333333333337}\n",
      "{'red': 0.3333333333333333, 'green': 0.3333333333333333, 'blue': 0.3333333333333333}\n",
      "{'red': 0.3333333333333333, 'green': 0.3333333333333333, 'blue': 0.3333333333333333}\n",
      "{'red': 0.33333333333333337, 'green': 0.33333333333333337, 'blue': 0.33333333333333337}\n",
      "{'red': 0.3333333333333333, 'green': 0.3333333333333333, 'blue': 0.3333333333333333}\n",
      "{'red': 0.3333333333333333, 'green': 0.3333333333333333, 'blue': 0.3333333333333333}\n",
      "{'red': 0.3333333333333333, 'green': 0.3333333333333333, 'blue': 0.3333333333333333}\n",
      "{'red': 0.33333333333333337, 'green': 0.33333333333333337, 'blue': 0.33333333333333337}\n",
      "{'red': 0.33333333333333337, 'green': 0.33333333333333337, 'blue': 0.33333333333333337}\n",
      "{'red': 0.3333333333333333, 'green': 0.3333333333333333, 'blue': 0.3333333333333333}\n",
      "{'red': 0.33333333333333337, 'green': 0.33333333333333337, 'blue': 0.33333333333333337}\n",
      "{'red': 0.33333333333333337, 'green': 0.33333333333333337, 'blue': 0.33333333333333337}\n",
      "{'red': 0.3333333333333333, 'green': 0.3333333333333333, 'blue': 0.3333333333333333}\n",
      "{'red': 0.33333333333333337, 'green': 0.33333333333333337, 'blue': 0.33333333333333337}\n",
      "{'red': 0.33333333333333337, 'green': 0.33333333333333337, 'blue': 0.33333333333333337}\n",
      "{'red': 0.3333333333333333, 'green': 0.3333333333333333, 'blue': 0.3333333333333333}\n",
      "{'red': 0.3333333333333333, 'green': 0.3333333333333333, 'blue': 0.3333333333333333}\n",
      "{'red': 0.3333333333333333, 'green': 0.3333333333333333, 'blue': 0.3333333333333333}\n",
      "{'red': 0.3333333333333333, 'green': 0.3333333333333333, 'blue': 0.3333333333333333}\n",
      "{'red': 0.3333333333333333, 'green': 0.3333333333333333, 'blue': 0.3333333333333333}\n",
      "{'red': 0.3333333333333333, 'green': 0.3333333333333333, 'blue': 0.3333333333333333}\n",
      "{'red': 0.3333333333333333, 'green': 0.3333333333333333, 'blue': 0.3333333333333333}\n",
      "{'red': 0.3333333333333333, 'green': 0.3333333333333333, 'blue': 0.3333333333333333}\n",
      "{'red': 0.33333333333333337, 'green': 0.33333333333333337, 'blue': 0.33333333333333337}\n",
      "{'red': 0.33333333333333337, 'green': 0.33333333333333337, 'blue': 0.33333333333333337}\n",
      "{'red': 0.3333333333333333, 'green': 0.3333333333333333, 'blue': 0.3333333333333333}\n",
      "{'red': 0.3333333333333333, 'green': 0.3333333333333333, 'blue': 0.3333333333333333}\n",
      "{'red': 0.3333333333333333, 'green': 0.3333333333333333, 'blue': 0.3333333333333333}\n",
      "{'red': 0.33333333333333337, 'green': 0.33333333333333337, 'blue': 0.33333333333333337}\n",
      "{'red': 0.3333333333333333, 'green': 0.3333333333333333, 'blue': 0.3333333333333333}\n",
      "{'red': 0.3333333333333333, 'green': 0.3333333333333333, 'blue': 0.3333333333333333}\n",
      "{'red': 0.3333333333333333, 'green': 0.3333333333333333, 'blue': 0.3333333333333333}\n",
      "{'red': 0.3333333333333333, 'green': 0.3333333333333333, 'blue': 0.3333333333333333}\n",
      "{'red': 0.3333333333333333, 'green': 0.3333333333333333, 'blue': 0.3333333333333333}\n",
      "{'red': 0.3333333333333333, 'green': 0.3333333333333333, 'blue': 0.3333333333333333}\n",
      "{'red': 0.3333333333333333, 'green': 0.3333333333333333, 'blue': 0.3333333333333333}\n",
      "{'red': 0.3333333333333333, 'green': 0.3333333333333333, 'blue': 0.3333333333333333}\n",
      "{'red': 0.3333333333333333, 'green': 0.3333333333333333, 'blue': 0.3333333333333333}\n",
      "{'red': 0.3333333333333333, 'green': 0.3333333333333333, 'blue': 0.3333333333333333}\n",
      "{'red': 0.3333333333333333, 'green': 0.3333333333333333, 'blue': 0.3333333333333333}\n",
      "{'red': 0.33333333333333337, 'green': 0.33333333333333337, 'blue': 0.33333333333333337}\n",
      "{'red': 0.33333333333333337, 'green': 0.33333333333333337, 'blue': 0.33333333333333337}\n",
      "{'red': 0.3333333333333333, 'green': 0.3333333333333333, 'blue': 0.3333333333333333}\n",
      "{'red': 0.33333333333333337, 'green': 0.33333333333333337, 'blue': 0.33333333333333337}\n",
      "{'red': 0.33333333333333337, 'green': 0.33333333333333337, 'blue': 0.33333333333333337}\n",
      "{'red': 0.33333333333333337, 'green': 0.33333333333333337, 'blue': 0.33333333333333337}\n",
      "{'red': 0.33333333333333337, 'green': 0.33333333333333337, 'blue': 0.33333333333333337}\n",
      "{'red': 0.3333333333333333, 'green': 0.3333333333333333, 'blue': 0.3333333333333333}\n",
      "{'red': 0.3333333333333333, 'green': 0.3333333333333333, 'blue': 0.3333333333333333}\n",
      "{'red': 0.33333333333333337, 'green': 0.33333333333333337, 'blue': 0.33333333333333337}\n",
      "{'red': 0.3333333333333333, 'green': 0.3333333333333333, 'blue': 0.3333333333333333}\n",
      "{'red': 0.33333333333333337, 'green': 0.33333333333333337, 'blue': 0.33333333333333337}\n",
      "{'red': 0.3333333333333333, 'green': 0.3333333333333333, 'blue': 0.3333333333333333}\n",
      "{'red': 0.3333333333333333, 'green': 0.3333333333333333, 'blue': 0.3333333333333333}\n",
      "{'red': 0.33333333333333337, 'green': 0.33333333333333337, 'blue': 0.33333333333333337}\n",
      "{'red': 0.3333333333333333, 'green': 0.3333333333333333, 'blue': 0.3333333333333333}\n",
      "{'red': 0.3333333333333333, 'green': 0.3333333333333333, 'blue': 0.3333333333333333}\n",
      "{'red': 0.3333333333333333, 'green': 0.3333333333333333, 'blue': 0.3333333333333333}\n",
      "{'red': 0.3333333333333333, 'green': 0.3333333333333333, 'blue': 0.3333333333333333}\n",
      "{'red': 0.3333333333333333, 'green': 0.3333333333333333, 'blue': 0.3333333333333333}\n",
      "{'red': 0.3333333333333333, 'green': 0.3333333333333333, 'blue': 0.3333333333333333}\n",
      "{'red': 0.33333333333333337, 'green': 0.33333333333333337, 'blue': 0.33333333333333337}\n",
      "{'red': 0.3333333333333333, 'green': 0.3333333333333333, 'blue': 0.3333333333333333}\n",
      "{'red': 0.3333333333333333, 'green': 0.3333333333333333, 'blue': 0.3333333333333333}\n",
      "{'red': 0.3333333333333333, 'green': 0.3333333333333333, 'blue': 0.3333333333333333}\n",
      "{'red': 0.33333333333333337, 'green': 0.33333333333333337, 'blue': 0.33333333333333337}\n",
      "{'red': 0.3333333333333333, 'green': 0.3333333333333333, 'blue': 0.3333333333333333}\n",
      "{'red': 0.33333333333333337, 'green': 0.33333333333333337, 'blue': 0.33333333333333337}\n",
      "{'red': 0.3333333333333333, 'green': 0.3333333333333333, 'blue': 0.3333333333333333}\n",
      "{'red': 0.3333333333333333, 'green': 0.3333333333333333, 'blue': 0.3333333333333333}\n",
      "{'red': 0.3333333333333333, 'green': 0.3333333333333333, 'blue': 0.3333333333333333}\n",
      "{'red': 0.3333333333333333, 'green': 0.3333333333333333, 'blue': 0.3333333333333333}\n",
      "{'red': 0.3333333333333333, 'green': 0.3333333333333333, 'blue': 0.3333333333333333}\n"
     ]
    },
    {
     "name": "stdout",
     "output_type": "stream",
     "text": [
      "{'red': 0.3333333333333333, 'green': 0.3333333333333333, 'blue': 0.3333333333333333}\n",
      "{'red': 0.3333333333333333, 'green': 0.3333333333333333, 'blue': 0.3333333333333333}\n",
      "{'red': 0.3333333333333333, 'green': 0.3333333333333333, 'blue': 0.3333333333333333}\n",
      "{'red': 0.3333333333333333, 'green': 0.3333333333333333, 'blue': 0.3333333333333333}\n",
      "{'red': 0.3333333333333333, 'green': 0.3333333333333333, 'blue': 0.3333333333333333}\n",
      "{'red': 0.3333333333333333, 'green': 0.3333333333333333, 'blue': 0.3333333333333333}\n",
      "{'red': 0.33333333333333337, 'green': 0.33333333333333337, 'blue': 0.33333333333333337}\n",
      "{'red': 0.33333333333333337, 'green': 0.33333333333333337, 'blue': 0.33333333333333337}\n",
      "{'red': 0.33333333333333337, 'green': 0.33333333333333337, 'blue': 0.33333333333333337}\n",
      "{'red': 0.3333333333333333, 'green': 0.3333333333333333, 'blue': 0.3333333333333333}\n",
      "{'red': 0.3333333333333333, 'green': 0.3333333333333333, 'blue': 0.3333333333333333}\n",
      "{'red': 0.3333333333333333, 'green': 0.3333333333333333, 'blue': 0.3333333333333333}\n",
      "{'red': 0.33333333333333337, 'green': 0.33333333333333337, 'blue': 0.33333333333333337}\n",
      "{'red': 0.33333333333333337, 'green': 0.33333333333333337, 'blue': 0.33333333333333337}\n",
      "{'red': 0.3333333333333333, 'green': 0.3333333333333333, 'blue': 0.3333333333333333}\n",
      "{'red': 0.3333333333333333, 'green': 0.3333333333333333, 'blue': 0.3333333333333333}\n",
      "{'red': 0.3333333333333333, 'green': 0.3333333333333333, 'blue': 0.3333333333333333}\n",
      "{'red': 0.33333333333333337, 'green': 0.33333333333333337, 'blue': 0.33333333333333337}\n",
      "{'red': 0.33333333333333337, 'green': 0.33333333333333337, 'blue': 0.33333333333333337}\n",
      "{'red': 0.3333333333333333, 'green': 0.3333333333333333, 'blue': 0.3333333333333333}\n",
      "{'red': 0.33333333333333337, 'green': 0.33333333333333337, 'blue': 0.33333333333333337}\n",
      "{'red': 0.3333333333333333, 'green': 0.3333333333333333, 'blue': 0.3333333333333333}\n",
      "{'red': 0.3333333333333333, 'green': 0.3333333333333333, 'blue': 0.3333333333333333}\n",
      "{'red': 0.3333333333333333, 'green': 0.3333333333333333, 'blue': 0.3333333333333333}\n",
      "{'red': 0.3333333333333333, 'green': 0.3333333333333333, 'blue': 0.3333333333333333}\n",
      "{'red': 0.33333333333333337, 'green': 0.33333333333333337, 'blue': 0.33333333333333337}\n",
      "{'red': 0.33333333333333337, 'green': 0.33333333333333337, 'blue': 0.33333333333333337}\n",
      "{'red': 0.33333333333333337, 'green': 0.33333333333333337, 'blue': 0.33333333333333337}\n",
      "{'red': 0.33333333333333337, 'green': 0.33333333333333337, 'blue': 0.33333333333333337}\n",
