{
 "cells": [
  {
   "cell_type": "code",
   "execution_count": 1,
   "metadata": {},
   "outputs": [],
   "source": [
    "import numpy as np\n",
    "import matplotlib.pyplot as plt\n",
    "import pandas as pd\n",
    "from sklearn.tree import DecisionTreeRegressor\n",
    "from sklearn.ensemble import BaggingRegressor\n",
    "from sklearn.metrics import r2_score, mean_squared_error\n",
    "from sklearn.linear_model import LinearRegression\n",
    "from sklearn.model_selection import cross_val_score\n",
    "from sklearn.preprocessing import MinMaxScaler\n",
    "from sklearn.gaussian_process import GaussianProcessRegressor\n",
    "from sklearn.neural_network import MLPRegressor\n",
    "from sklearn.decomposition import PCA\n",
    "from GA_functions import fitness, select_parents, crossover, mutation, GA_algorithm, conc_to_spectra, normalize_and_pca"
   ]
  },
  {
   "cell_type": "markdown",
   "metadata": {},
   "source": [
    "## Many iterations"
   ]
  },
  {
   "cell_type": "code",
   "execution_count": 2,
   "metadata": {},
   "outputs": [],
   "source": [
    "#This block of code creates random concentrations and spectra to start the algorithm. \n",
    "Sample_concentrations = pd.read_excel('Sample_concentrations.xlsx')\n",
    "red_conc = Sample_concentrations[['Red vol frac']].values\n",
    "green_conc = Sample_concentrations[['Green vol frac']].values\n",
    "blue_conc = Sample_concentrations[['Blue vol frac']].values\n",
    "sample_conc = np.hstack((red_conc, green_conc, blue_conc))\n",
    "\n",
    "sample_spectra = pd.read_excel('Sample_spectra.xlsx')\n",
    "sample_spectra = np.asarray(sample_spectra)\n",
    "red = sample_spectra[:,1]\n",
    "green = sample_spectra[:,2]\n",
    "blue = sample_spectra[:,3]\n",
    "wavelength = sample_spectra[:,0]\n",
    "\n",
    "conc_array = np.random.dirichlet((1, 1, 1), 10)\n",
    "spectra_array = conc_to_spectra(conc_array, red, green, blue, wavelength)"
   ]
  },
  {
   "cell_type": "code",
   "execution_count": 3,
   "metadata": {
    "scrolled": true
   },
   "outputs": [
    {
     "name": "stdout",
     "output_type": "stream",
     "text": [
      "The target conc is: [0.5073313  0.01445543 0.47821328]\n",
      "[[2.91682873e-01 1.24330213e-03 7.07073825e-01]\n",
      " [7.87538743e-01 9.93739223e-02 1.13087334e-01]\n",
      " [3.09004064e-02 8.13477962e-04 9.68286116e-01]\n",
      " [4.15538454e-01 5.55114716e-02 5.28950074e-01]\n",
      " [6.16543171e-01 1.56250995e-01 2.27205834e-01]\n",
      " [7.53234769e-02 6.69189311e-01 2.55487212e-01]\n",
      " [7.52623053e-01 1.46820952e-01 1.00555995e-01]\n",
      " [6.15761294e-01 1.48602319e-01 2.35636388e-01]\n",
      " [4.10183490e-01 3.51912655e-01 2.37903856e-01]\n",
      " [1.61558961e-01 5.01927767e-02 7.88248263e-01]]\n",
      "\n",
      "[[0.33988534 0.44881245 0.21130221]\n",
      " [0.54248862 0.04172989 0.41578149]\n",
      " [0.66031746 0.13650794 0.2031746 ]\n",
      " [0.38447088 0.09267376 0.52285535]\n",
      " [0.24782135 0.46568627 0.28649237]\n",
      " [0.23822128 0.45050291 0.31127581]\n",
      " [0.39379699 0.05357143 0.55263158]\n",
      " [0.40277778 0.05277778 0.54444444]\n",
      " [0.29499404 0.27115614 0.43384982]\n",
      " [0.42492339 0.33299285 0.24208376]]\n",
      "\n",
      "[[0.68209877 0.1404321  0.17746914]\n",
      " [0.53916211 0.03734062 0.42349727]\n",
      " [0.48506151 0.06239016 0.45254833]\n",
      " [0.41122914 0.04628225 0.54248862]\n",
      " [0.53195674 0.05998033 0.40806293]\n",
      " [0.2275641  0.07532051 0.69711538]\n",
      " [0.42433234 0.25296736 0.3227003 ]\n",
      " [0.51033386 0.11208267 0.37758347]\n",
      " [0.5251938  0.04360465 0.43120155]\n",
      " [0.50809717 0.04149798 0.45040486]]\n",
      "\n",
      "[[0.62076749 0.06245297 0.31677953]\n",
      " [0.52657974 0.04112337 0.43229689]\n",
      " [0.51936445 0.03277061 0.44786495]\n",
      " [0.32771536 0.40137328 0.27091136]\n",
      " [0.82582583 0.04304304 0.13113113]\n",
      " [0.52832244 0.00217865 0.46949891]\n",
      " [0.52501624 0.05263158 0.42235218]\n",
      " [0.49706458 0.04207436 0.46086106]\n",
      " [0.53497942 0.01748971 0.44753086]\n",
      " [0.54775281 0.04962547 0.40262172]]\n",
      "\n",
      "[[0.50818094 0.04042348 0.45139557]\n",
      " [0.55960591 0.00295567 0.43743842]\n",
      " [0.21456954 0.46821192 0.31721854]\n",
      " [0.30136986 0.45776256 0.24086758]\n",
      " [0.54754755 0.04204204 0.41041041]\n",
      " [0.44073456 0.16861436 0.39065109]\n",
      " [0.31224128 0.41513897 0.27261975]\n",
      " [0.41490139 0.04528853 0.53981008]\n",
      " [0.49858357 0.0585458  0.44287063]\n",
      " [0.5338726  0.00202224 0.46410516]]\n",
      "\n",
      "[[0.48684211 0.05827068 0.45488722]\n",
      " [0.27623709 0.45676998 0.26699293]\n",
      " [0.5777998  0.00198216 0.42021804]\n",
      " [0.37608183 0.04091267 0.58300551]\n",
      " [0.43918192 0.07534984 0.48546825]\n",
      " [0.45483193 0.05357143 0.49159664]\n",
      " [0.48729792 0.30946882 0.20323326]\n",
      " [0.51692308 0.02051282 0.4625641 ]\n",
      " [0.2962963  0.05982906 0.64387464]\n",
      " [0.58194308 0.01177625 0.40628067]]\n",
      "\n",
      "[[0.51386139 0.02970297 0.45643564]\n",
      " [0.52140078 0.00972763 0.4688716 ]\n",
      " [0.34157754 0.34759358 0.31082888]\n",
      " [0.50687623 0.06876228 0.42436149]\n",
      " [0.51248751 0.01998002 0.46753247]\n",
      " [0.52226721 0.         0.47773279]\n",
      " [0.58353708 0.02363488 0.39282804]\n",
      " [0.59517872 0.02078138 0.3840399 ]\n",
      " [0.5019084  0.08587786 0.41221374]\n",
      " [0.39449541 0.02293578 0.58256881]]\n",
      "\n",
      "[[0.4938737  0.05655042 0.44957587]\n",
      " [0.47239819 0.00542986 0.52217195]\n",
      " [0.53068933 0.01888574 0.45042493]\n",
      " [0.43770764 0.08305648 0.47923588]\n",
      " [0.50383877 0.03838772 0.45777351]\n",
      " [0.61322645 0.02905812 0.35771543]\n",
      " [0.54994742 0.00105152 0.44900105]\n",
      " [0.54528122 0.         0.45471878]\n",
      " [0.48830683 0.0748363  0.43685688]\n",
      " [0.49626866 0.06529851 0.43843284]]\n",
      "\n",
      "[[0.4747807  0.02850877 0.49671053]\n",
      " [0.42158385 0.06832298 0.51009317]\n",
      " [0.500516   0.00206398 0.49742002]\n",
      " [0.46456693 0.01476378 0.52066929]\n",
      " [0.4036635  0.27137042 0.32496608]\n",
      " [0.52715356 0.05430712 0.41853933]\n",
      " [0.54947368 0.00842105 0.44210526]\n",
      " [0.5406746  0.00793651 0.45138889]\n",
      " [0.44506259 0.03337969 0.52155772]\n",
      " [0.60195228 0.01084599 0.38720174]]\n",
      "\n",
      "[[0.58301648 0.01140684 0.40557668]\n",
      " [0.5186722  0.00726141 0.47406639]\n",
      " [0.50654206 0.07196262 0.42149533]\n",
      " [0.57482656 0.01189296 0.41328048]\n",
      " [0.505345   0.06997085 0.42468416]\n",
      " [0.45913682 0.08448118 0.456382  ]\n",
      " [0.08080808 0.00808081 0.91111111]\n",
      " [0.53821313 0.00215285 0.45963402]\n",
      " [0.49850449 0.01196411 0.48953141]\n",
      " [0.65144392 0.01477502 0.33378106]]\n",
      "\n",
      "[[0.47349177 0.08866545 0.43784278]\n",
      " [0.48212226 0.01730104 0.5005767 ]\n",
      " [0.4360033  0.00743187 0.55656482]\n",
      " [0.47800926 0.04282407 0.47916667]\n",
      " [0.58708095 0.01308258 0.39983647]\n",
      " [0.52376138 0.05763397 0.41860465]\n",
      " [0.47937132 0.03045187 0.49017682]\n",
      " [0.51746931 0.03493862 0.44759207]\n",
      " [0.52157943 0.04315886 0.43526171]\n",
      " [0.34185537 0.01972243 0.63842221]]\n",
      "\n",
      "[[0.439801   0.01293532 0.54726368]\n",
      " [0.32059021 0.0288397  0.65057009]\n",
      " [0.34744707 0.0373599  0.61519303]\n",
      " [0.59404601 0.1759134  0.2300406 ]\n",
      " [0.33923513 0.31161473 0.34915014]\n",
      " [0.45556595 0.03928906 0.505145  ]\n",
      " [0.47294589 0.01703407 0.51002004]\n",
      " [0.78293135 0.03153989 0.18552876]\n",
      " [0.33980012 0.37860082 0.28159906]\n",
      " [0.42668024 0.13645621 0.43686354]]\n",
      "\n",
      "[[0.26149584 0.45263158 0.28587258]\n",
      " [0.27748383 0.42151675 0.30099941]\n",
      " [0.46819085 0.01689861 0.51491054]\n",
      " [0.45736434 0.04554264 0.49709302]\n",
      " [0.39476146 0.08138447 0.52385407]\n",
      " [0.04503464 0.01963048 0.93533487]\n",
      " [0.41062308 0.06843718 0.52093973]\n",
      " [0.37613751 0.05763397 0.56622851]\n",
      " [0.47247247 0.01701702 0.51051051]\n",
      " [0.26171875 0.40169271 0.33658854]]\n",
      "\n",
      "[[0.42474916 0.28818283 0.287068  ]\n",
      " [0.44139887 0.05387524 0.5047259 ]\n",
      " [0.45881226 0.0440613  0.49712644]\n",
      " [0.53242321 0.11035267 0.35722412]\n",
      " [0.38405207 0.17656631 0.43938161]\n",
      " [0.44886364 0.0625     0.48863636]\n",
      " [0.44656489 0.00572519 0.54770992]\n",
      " [0.4661274  0.01011122 0.52376138]\n",
      " [0.47722772 0.01782178 0.5049505 ]\n",
      " [0.46778989 0.01684836 0.51536174]]\n",
      "\n",
      "[[0.45717036 0.05774783 0.48508181]\n",
      " [0.42163802 0.05763397 0.52072801]\n",
      " [0.44983819 0.01078749 0.53937433]\n",
      " [0.41194332 0.05769231 0.53036437]\n",
      " [0.4308779  0.05751766 0.51160444]\n",
      " [0.63279133 0.07588076 0.29132791]\n",
      " [0.43442623 0.05191257 0.5136612 ]\n",
      " [0.56798246 0.04166667 0.39035088]\n",
      " [0.43398058 0.00970874 0.55631068]\n",
      " [0.44569288 0.08146067 0.47284644]]\n",
      "\n",
      "[[0.43530592 0.05115346 0.51354062]\n",
      " [0.4498998  0.01002004 0.54008016]\n",
      " [0.2633452  0.42052195 0.31613286]\n",
      " [0.46018614 0.03826267 0.50155119]\n",
      " [0.08603896 0.01136364 0.9025974 ]\n",
      " [0.63965268 0.01447178 0.34587554]\n",
      " [0.43131313 0.08181818 0.48686869]\n",
      " [0.35783366 0.37459703 0.26756931]\n",
      " [0.32054616 0.4479844  0.23146944]\n",
      " [0.4159292  0.05801377 0.52605703]]\n",
      "\n",
      "[[0.24096386 0.49135673 0.26767941]\n",
      " [0.57563588 0.17536814 0.24899598]\n",
      " [0.44062807 0.00981354 0.54955839]\n",
      " [0.4127967  0.07017544 0.51702786]\n",
      " [0.30533854 0.05273438 0.64192708]\n",
      " [0.43168317 0.05049505 0.51782178]\n",
      " [0.42283298 0.04016913 0.53699789]\n",
      " [0.46550049 0.00971817 0.52478134]\n",
      " [0.41076487 0.03871577 0.55051936]\n",
      " [0.26746725 0.45742358 0.27510917]]\n",
      "\n",
      "[[0.3279703  0.02351485 0.64851485]\n",
      " [0.25862069 0.44994438 0.29143493]\n",
      " [0.40581162 0.02905812 0.56513026]\n",
      " [0.4330855  0.08271375 0.48420074]\n",
      " [0.46733668 0.00603015 0.52663317]\n",
      " [0.46897038 0.14739069 0.38363893]\n",
      " [0.39980732 0.03757225 0.56262042]\n",
      " [0.89566929 0.05708661 0.04724409]\n",
      " [0.25577558 0.4449945  0.29922992]\n",
      " [0.39424861 0.05473098 0.55102041]]\n",
      "\n",
      "[[0.51733577 0.00091241 0.48175182]\n",
      " [0.447343   0.04444444 0.50821256]\n",
      " [0.46208291 0.00606673 0.53185035]\n",
      " [0.41256039 0.08309179 0.50434783]\n",
      " [0.44252874 0.05363985 0.50383142]\n",
      " [0.44173729 0.00105932 0.55720339]\n",
      " [0.22598106 0.02165088 0.75236806]\n",
      " [0.25268513 0.45562465 0.29169022]\n",
      " [0.39322533 0.12665685 0.48011782]\n",
      " [0.41741742 0.00600601 0.57657658]]\n",
      "\n",
      "[[0.53798127 0.00312175 0.45889698]\n",
      " [0.36493229 0.00712758 0.62794013]\n",
      " [0.51803607 0.         0.48196393]\n",
      " [0.71809257 0.02805049 0.25385694]\n",
      " [0.52698724 0.00098135 0.4720314 ]\n",
      " [0.39318182 0.01515152 0.59166667]\n",
      " [0.50737463 0.01966568 0.47295969]\n",
      " [0.39647239 0.23006135 0.37346626]\n",
      " [0.55431755 0.         0.44568245]\n",
      " [0.35578069 0.29797378 0.34624553]]\n",
      "\n",
      "[[0.44994618 0.03229279 0.51776103]\n",
      " [0.33014659 0.38240918 0.28744423]\n",
      " [0.18512111 0.         0.81487889]\n",
      " [0.52182741 0.04060914 0.43756345]\n",
      " [0.4905303  0.04734848 0.46212121]\n",
      " [0.34152824 0.33222591 0.32624585]\n",
      " [0.30836747 0.23990638 0.45172616]\n",
      " [0.37026447 0.         0.62973553]\n",
      " [0.57142857 0.         0.42857143]\n",
      " [0.52286282 0.00894632 0.46819085]]\n",
      "\n",
      "[[0.49243856 0.06616257 0.44139887]\n",
      " [0.35063207 0.00532269 0.64404524]\n",
      " [0.54223969 0.01768173 0.44007859]\n",
      " [0.02449889 0.00890869 0.96659243]\n",
      " [0.48467967 0.08170845 0.43361188]\n",
      " [0.52517275 0.017769   0.45705824]\n",
      " [0.51329243 0.00817996 0.47852761]\n",
      " [0.33759591 0.3887468  0.27365729]\n",
      " [0.48521505 0.20698925 0.3077957 ]\n",
      " [0.49764373 0.06409048 0.43826579]]\n",
      "\n",
      "[[0.2973713  0.44249726 0.26013143]\n",
      " [0.38429465 0.28353023 0.33217512]\n",
      " [0.53549061 0.0177453  0.44676409]\n",
      " [0.32488917 0.38505383 0.290057  ]\n",
      " [0.52712385 0.01023541 0.46264074]\n",
      " [0.4066714  0.04116395 0.55216466]\n",
      " [0.52400409 0.05924413 0.41675179]\n",
      " [0.54056902 0.01896733 0.44046365]\n",
      " [0.36669049 0.077198   0.55611151]\n",
      " [0.68948247 0.01335559 0.29716194]]\n",
      "\n",
      "[[0.52161383 0.18011527 0.29827089]\n",
      " [0.67189385 0.01206273 0.31604343]\n",
      " [0.53115727 0.01186944 0.45697329]\n",
      " [0.53286853 0.04681275 0.42031873]\n",
      " [0.53545735 0.01027749 0.45426516]\n",
      " [0.5259481  0.01297405 0.46107784]\n",
      " [0.51992914 0.07085917 0.40921169]\n",
      " [0.27368978 0.48173637 0.24457385]\n",
      " [0.32665639 0.31587057 0.35747304]\n",
      " [0.50721848 0.05774783 0.43503369]]\n",
      "\n",
      "[[0.5642787  0.01275761 0.42296369]\n",
      " [0.5606383  0.01276596 0.42659574]\n",
      " [0.53707415 0.01102204 0.45190381]\n",
      " [0.52457467 0.03969754 0.43572779]\n",
      " [0.55290456 0.01037344 0.43672199]\n",
      " [0.52443992 0.0101833  0.46537678]\n",
      " [0.5571161  0.00187266 0.44101124]\n",
      " [0.52304609 0.01302605 0.46392786]\n",
      " [0.3087802  0.47849146 0.21272834]\n",
      " [0.52657974 0.0110331  0.46238716]]\n",
      "\n",
      "[[0.51949318 0.02923977 0.45126706]\n",
      " [0.44777397 0.06849315 0.48373288]\n",
      " [0.51324828 0.07163886 0.41511286]\n",
      " [0.49155722 0.0750469  0.43339587]\n",
      " [0.36251403 0.09315376 0.54433221]\n",
      " [0.55255814 0.01581395 0.43162791]\n",
      " [0.29959977 0.46312178 0.23727844]\n",
      " [0.39613527 0.00690131 0.59696342]\n",
      " [0.52130823 0.01090188 0.46778989]\n",
      " [0.59081197 0.02136752 0.38782051]]\n",
      "\n",
      "[[0.49624765 0.06566604 0.4380863 ]\n",
      " [0.31897628 0.38701623 0.29400749]\n",
      " [0.04133858 0.03937008 0.91929134]\n",
      " [0.52424242 0.01010101 0.46565657]\n",
      " [0.52732794 0.05060729 0.42206478]\n",
      " [0.54497908 0.01882845 0.43619247]\n",
      " [0.5249004  0.00996016 0.46513944]\n",
      " [0.53091266 0.00981354 0.4592738 ]\n",
      " [0.52290837 0.01593625 0.46115538]\n",
      " [0.52893401 0.01725888 0.45380711]]\n",
      "\n",
      "[[0.52822581 0.00302419 0.46875   ]\n",
      " [0.51792829 0.0189243  0.46314741]\n",
      " [0.56646217 0.00920245 0.42433538]\n",
      " [0.54960317 0.03869048 0.41170635]\n",
      " [0.5259481  0.01397206 0.46007984]\n",
      " [0.32091691 0.01289398 0.66618911]\n",
      " [0.53612167 0.01901141 0.44486692]\n",
      " [0.5319797  0.         0.4680203 ]\n",
      " [0.52313503 0.03777148 0.43909348]\n",
      " [0.53125    0.01008065 0.45866935]]\n",
      "\n",
      "[[0.39567233 0.24574961 0.35857805]\n",
      " [0.3627451  0.00784314 0.62941176]\n",
      " [0.50147203 0.07850834 0.42001963]\n",
      " [0.42676768 0.18350168 0.38973064]\n",
      " [0.51955868 0.01604814 0.46439318]\n",
      " [0.52064451 0.01309164 0.46626385]\n",
      " [0.32978723 0.38673342 0.28347935]\n",
      " [0.51544402 0.003861   0.48069498]\n",
      " [0.60204082 0.09977324 0.29818594]\n",
      " [0.51768173 0.02750491 0.45481336]]\n",
      "\n",
      "[[0.40291635 0.24021489 0.35686876]\n",
      " [0.48479263 0.08571429 0.42949309]\n",
      " [0.52583587 0.0141844  0.45997974]\n",
      " [0.56309751 0.0124283  0.42447419]\n",
      " [0.50984252 0.01377953 0.47637795]\n",
      " [0.52       0.019      0.461     ]\n",
      " [0.29328821 0.45290468 0.25380711]\n",
      " [0.36764706 0.32161125 0.31074169]\n",
      " [0.35714286 0.04456654 0.5982906 ]\n",
      " [0.55161943 0.00303644 0.44534413]]\n",
      "\n",
      "[[0.5408998  0.01329243 0.44580777]\n",
      " [0.55046826 0.01352758 0.43600416]\n",
      " [0.54822335 0.0142132  0.43756345]\n",
      " [0.41895262 0.01911887 0.56192851]\n",
      " [0.46987952 0.01423877 0.51588171]\n",
      " [0.56435644 0.01881188 0.41683168]\n",
      " [0.34666667 0.146      0.50733333]\n",
      " [0.35125698 0.35824022 0.29050279]\n",
      " [0.51780264 0.01322482 0.46897253]\n",
      " [0.29648241 0.46180905 0.24170854]]\n",
      "\n",
      "[[0.57662083 0.01277014 0.41060904]\n",
      " [0.48686679 0.07879925 0.43433396]\n",
      " [0.51755266 0.01303912 0.46940822]\n",
      " [0.57430168 0.01452514 0.41117318]\n",
      " [0.41426282 0.25080128 0.3349359 ]\n",
      " [0.3738269  0.3717414  0.2544317 ]\n",
      " [0.5017094  0.01282051 0.48547009]\n",
      " [0.28866555 0.45393635 0.2573981 ]\n",
      " [0.52697495 0.01252408 0.46050096]\n",
      " [0.27239199 0.48103267 0.24657534]]\n",
      "\n",
      "[[0.52775165 0.0028222  0.46942615]\n",
      " [0.37087518 0.29626973 0.33285509]\n",
      " [0.45902944 0.16865553 0.37231504]\n",
      " [0.3090053  0.41907004 0.27192466]\n",
      " [0.30415755 0.44420131 0.25164114]\n",
      " [0.58598131 0.01214953 0.40186916]\n",
      " [0.50781893 0.09300412 0.39917695]\n",
      " [0.49252336 0.07663551 0.43084112]\n",
      " [0.30219256 0.29837941 0.39942803]\n",
      " [0.2705135  0.43038645 0.29910005]]\n",
      "\n",
      "[[0.37247839 0.00144092 0.62608069]\n",
      " [0.45673604 0.03943045 0.50383352]\n",
      " [0.3769671  0.28755365 0.33547926]\n",
      " [0.56004251 0.0053135  0.434644  ]\n",
      " [0.49023256 0.07627907 0.43348837]\n",
      " [0.49439252 0.06728972 0.43831776]\n",
      " [0.30715532 0.40837696 0.28446771]\n",
      " [0.52327935 0.00202429 0.47469636]\n",
      " [0.36395028 0.0359116  0.60013812]\n",
      " [0.53979592 0.00204082 0.45816327]]\n",
      "\n"
     ]
    },
    {
     "name": "stdout",
     "output_type": "stream",
     "text": [
      "[[0.52169811 0.03018868 0.44811321]\n",
      " [0.39195231 0.03129657 0.57675112]\n",
      " [0.52208835 0.00200803 0.47590361]\n",
      " [0.37606838 0.35754986 0.26638177]\n",
      " [0.28950276 0.44309392 0.26740331]\n",
      " [0.19578578 0.03687445 0.76733977]\n",
      " [0.39925834 0.01483313 0.58590853]\n",
      " [0.51565558 0.02152642 0.462818  ]\n",
      " [0.5420082  0.00307377 0.45491803]\n",
      " [0.37926033 0.29151559 0.32922408]]\n",
      "\n",
      "[[0.3692705  0.19496449 0.43576501]\n",
      " [0.31714286 0.00428571 0.67857143]\n",
      " [0.39505247 0.02398801 0.58095952]\n",
      " [0.50336215 0.03073967 0.46589817]\n",
      " [0.47593097 0.27429609 0.24977293]\n",
      " [0.41534989 0.00150489 0.58314522]\n",
      " [0.49382716 0.05887939 0.44729345]\n",
      " [0.42825607 0.22222222 0.34952171]\n",
      " [0.3378703  0.04163331 0.6204964 ]\n",
      " [0.28151709 0.48076923 0.23771368]]\n",
      "\n",
      "[[0.50378072 0.06616257 0.43005671]\n",
      " [0.52161383 0.03554275 0.44284342]\n",
      " [0.49261084 0.04926108 0.45812808]\n",
      " [0.55455801 0.15883978 0.28660221]\n",
      " [0.28373894 0.29314159 0.42311947]\n",
      " [0.40552651 0.24645258 0.34802091]\n",
      " [0.64015152 0.02525253 0.33459596]\n",
      " [0.47363465 0.08474576 0.44161959]\n",
      " [0.5127451  0.03137255 0.45588235]\n",
      " [0.40508021 0.         0.59491979]]\n",
      "\n",
      "[[0.51821862 0.03137652 0.45040486]\n",
      " [0.50652742 0.06875544 0.42471715]\n",
      " [0.31067961 0.01779935 0.67152104]\n",
      " [0.41598816 0.02516654 0.5588453 ]\n",
      " [0.51829871 0.03461919 0.4470821 ]\n",
      " [0.56188605 0.03045187 0.40766208]\n",
      " [0.49761678 0.03336511 0.46901811]\n",
      " [0.52259332 0.03045187 0.44695481]\n",
      " [0.5042735  0.03098291 0.46474359]\n",
      " [0.65272938 0.04761905 0.29965157]]\n",
      "\n",
      "[[0.36690186 0.01988454 0.6132136 ]\n",
      " [0.5077821  0.05836576 0.43385214]\n",
      " [0.03557312 0.06521739 0.89920949]\n",
      " [0.39908257 0.25229358 0.34862385]\n",
      " [0.49903661 0.06743738 0.43352601]\n",
      " [0.53164557 0.08438819 0.38396624]\n",
      " [0.61942257 0.03062117 0.34995626]\n",
      " [0.55193483 0.01425662 0.43380855]\n",
      " [0.52705411 0.03006012 0.44288577]\n",
      " [0.49897541 0.0102459  0.49077869]]\n",
      "\n",
      "[[0.498      0.01       0.492     ]\n",
      " [0.48089888 0.05617978 0.46292135]\n",
      " [0.50834151 0.0107949  0.48086359]\n",
      " [0.40393519 0.35300926 0.24305556]\n",
      " [0.44049734 0.03552398 0.52397869]\n",
      " [0.33486239 0.06116208 0.60397554]\n",
      " [0.47004608 0.01152074 0.51843318]\n",
      " [0.25615213 0.50894855 0.23489933]\n",
      " [0.375      0.26541096 0.35958904]\n",
      " [0.45885006 0.02254791 0.51860203]]\n",
      "\n",
      "[[0.35320088 0.22884474 0.41795438]\n",
      " [0.39377086 0.33926585 0.26696329]\n",
      " [0.38483548 0.03576538 0.57939914]\n",
      " [0.1574344  0.05830904 0.78425656]\n",
      " [0.51269036 0.01015228 0.47715736]\n",
      " [0.45286195 0.17676768 0.37037037]\n",
      " [0.55373406 0.05464481 0.39162113]\n",
      " [0.43921139 0.06571742 0.49507119]\n",
      " [0.40056417 0.0493653  0.55007052]\n",
      " [0.33256617 0.40851554 0.2589183 ]]\n",
      "\n"
     ]
    }
   ],
   "source": [
    "#best_conc_lst = []\n",
    "#for i in range(20):\n",
    "\n",
    "\n",
    "y_train = sample_conc[0:-1,:]\n",
    "x_train = sample_spectra[:,1:-1]\n",
    "objective_row = -1 #Change this number for a different concentration to test. \n",
    "x_test = sample_spectra[:,objective_row].reshape(-1,1) \n",
    "print('The target conc is:', sample_conc[objective_row,:])\n",
    "print(conc_array)\n",
    "print()\n",
    "\n",
    "######## Use this if the starting concentrations and spectra from excel are to be used ###########\n",
    "#y_train = sample_conc[0:-1,:]\n",
    "#y_train_conc = y_train\n",
    "##################################################################################################\n",
    "\n",
    "\n",
    "######## Use this for random starting concentrations and spectra #################################\n",
    "x_train = spectra_array.T\n",
    "y_train_conc = conc_array \n",
    "##################################################################################################\n",
    "\n",
    "\n",
    "#Normalizae x_train\n",
    "x_train = MinMaxScaler().fit(x_train).transform(x_train)\n",
    "x_test = MinMaxScaler().fit(x_test).transform(x_test).T\n",
    "x_train = x_train.T\n",
    "x_test = x_test.reshape(1,-1)[0].reshape(-1,1).T\n",
    "\n",
    "pca = PCA(n_components=3)\n",
    "x_train_new = pca.fit(x_train)\n",
    "x_train_spectra = pca.transform(x_train)\n",
    "x_test = pca.transform(x_test)\n",
    "\n",
    "best_gen0 = fitness(x_train_spectra, y_train_conc, x_test)\n",
    "best_conc = best_gen0[-1,x_train_spectra.shape[1]:-1]\n",
    "\n",
    "gen_concs = [y_train_conc]\n",
    "best_conc_list = [best_conc]\n",
    "for i in range(40):\n",
    "    gen2_spectra = conc_to_spectra(gen_concs[i], red, green, blue, wavelength)\n",
    "    #gen2_spectra = normalize_and_pca(gen2_spectra)\n",
    "    x_train = gen2_spectra.T\n",
    "    x_train = MinMaxScaler().fit(x_train).transform(x_train)\n",
    "    x_train = x_train.T\n",
    "\n",
    "    gen2_spectra = pca.transform(x_train)\n",
    "     \n",
    "    gen3 = GA_algorithm(gen2_spectra, gen_concs[i], x_test, 20, 10, 0.8)\n",
    "    gen_concs.append(gen3)\n",
    "    print(gen3)\n",
    "    print()\n",
    "    #best_gen5 = fitness(gen2_spectra, gen_concs[i], x_test)\n",
    "    #best_conc = best_gen5[-1,3:-1]\n",
    "    #best_conc_list.append(best_conc)\n"
   ]
  },
  {
   "cell_type": "code",
   "execution_count": 4,
   "metadata": {},
   "outputs": [
    {
     "name": "stdout",
     "output_type": "stream",
     "text": [
      "0.4522013176605565\n",
      "0.10370440929983761\n",
      "0.4440942730396058\n"
     ]
    }
   ],
   "source": [
    "mean_red = []\n",
    "mean_green = []\n",
    "mean_blue = []\n",
    "\n",
    "for i in range(len(gen_concs)):\n",
    "    mean_row = np.mean(gen_concs[i], axis = 0)\n",
    "    mean_red.append(mean_row[0])\n",
    "    mean_green.append(mean_row[1])\n",
    "    mean_blue.append(mean_row[2])\n",
    "print(np.mean(mean_red))\n",
    "print(np.mean(mean_green))\n",
    "print(np.mean(mean_blue))\n",
    "\n",
    "    "
   ]
  },
  {
   "cell_type": "code",
   "execution_count": 5,
   "metadata": {},
   "outputs": [
    {
     "data": {
      "text/plain": [
       "array([0.39808697, 0.1427348 , 0.45917822])"
      ]
     },
     "execution_count": 5,
     "metadata": {},
     "output_type": "execute_result"
    }
   ],
   "source": [
    "np.mean(gen3, axis=0)"
   ]
  },
  {
   "cell_type": "code",
   "execution_count": 6,
   "metadata": {},
   "outputs": [
    {
     "data": {
      "text/plain": [
       "array([[-0.53074881,  0.41636019, -0.51890462]])"
      ]
     },
     "execution_count": 6,
     "metadata": {},
     "output_type": "execute_result"
    }
   ],
   "source": [
    "x_test"
   ]
  },
  {
   "cell_type": "code",
   "execution_count": null,
   "metadata": {},
   "outputs": [],
   "source": []
  },
  {
   "cell_type": "code",
   "execution_count": null,
   "metadata": {},
   "outputs": [],
   "source": []
  }
 ],
 "metadata": {
  "kernelspec": {
   "display_name": "Python 3",
   "language": "python",
   "name": "python3"
  },
  "language_info": {
   "codemirror_mode": {
    "name": "ipython",
    "version": 3
   },
   "file_extension": ".py",
   "mimetype": "text/x-python",
   "name": "python",
   "nbconvert_exporter": "python",
   "pygments_lexer": "ipython3",
   "version": "3.8.2"
  }
 },
 "nbformat": 4,
 "nbformat_minor": 4
}
